01 01 2010   6.1
02 01 2010   6.2
03 01 2010   6.2
04 01 2010   6.2
05 01 2010   6.3
06 01 2010   6.5
07 01 2010   6.5
08 01 2010   6.5
09 01 2010   6.6
10 01 2010   6.6
11 01 2010   6.6
12 01 2010   6.3
13 01 2010   6.3
14 01 2010   6.8
15 01 2010   6.9
16 01 2010   7.2
17 01 2010   7.4
18 01 2010   7.4
19 01 2010   7.3
20 01 2010   7.4
21 01 2010   7.4
22 01 2010   7.6
23 01 2010   7.6
24 01 2010   7.6
25 01 2010   7.6
26 01 2010   7.7
27 01 2010   7.5
28 01 2010   7.5
29 01 2010   7.4
30 01 2010   7.4
31 01 2010   7.4
01 02 2010   7.3
02 02 2010   7.1
03 02 2010   6.8
04 02 2010   6.8
05 02 2010   6.4
06 02 2010   6.4
07 02 2010   6.8
08 02 2010   7.0
09 02 2010   7.3
10 02 2010   7.3
11 02 2010   7.5
12 02 2010   7.5
13 02 2010   7.5
14 02 2010   7.5
15 02 2010   7.0
16 02 2010   7.0
17 02 2010   7.2
18 02 2010   7.2
19 02 2010   7.0
20 02 2010   7.0
21 02 2010   6.8
22 02 2010   6.3
23 02 2010   6.3
24 02 2010   6.3
25 02 2010   5.9
26 02 2010   6.3
27 02 2010   6.3
28 02 2010   6.1
01 03 2010   6.3
02 03 2010   6.6
03 03 2010   6.6
04 03 2010   6.7
05 03 2010   6.7
06 03 2010   6.7
07 03 2010   6.8
08 03 2010   6.8
09 03 2010   6.8
10 03 2010   6.8
11 03 2010   6.9
12 03 2010   6.9
13 03 2010   6.9
14 03 2010   6.9
15 03 2010   6.9
16 03 2010   6.8
17 03 2010   6.9
18 03 2010   7.0
19 03 2010   7.1
20 03 2010   7.0
21 03 2010   6.8
22 03 2010   6.9
23 03 2010   7.1
24 03 2010   7.2
25 03 2010   7.3
26 03 2010   7.3
27 03 2010   7.3
28 03 2010   7.1
29 03 2010   6.8
30 03 2010   7.0
31 03 2010   7.1
01 04 2010   7.0
02 04 2010   7.0
03 04 2010   6.9
04 04 2010   7.0
05 04 2010   7.0
06 04 2010   6.7
07 04 2010   6.8
08 04 2010   6.9
09 04 2010   7.0
10 04 2010   7.2
11 04 2010   7.2
12 04 2010   7.2
13 04 2010   7.3
14 04 2010   7.3
15 04 2010   7.3
16 04 2010   7.3
17 04 2010   7.0
18 04 2010   7.1
19 04 2010   7.0
20 04 2010   6.9
21 04 2010   7.0
22 04 2010   7.0
23 04 2010   6.8
24 04 2010   6.7
25 04 2010   6.8
26 04 2010   6.8
27 04 2010   6.6
28 04 2010   7.0
29 04 2010   7.2
30 04 2010   7.3
01 05 2010   7.3
02 05 2010   7.3
03 05 2010   7.4
04 05 2010   7.5
05 05 2010   7.5
06 05 2010   7.6
07 05 2010   7.6
08 05 2010   7.8
09 05 2010   7.8
10 05 2010   7.8
11 05 2010   7.8
12 05 2010   7.8
13 05 2010   7.9
14 05 2010   7.9
15 05 2010   7.8
16 05 2010   7.8
17 05 2010   7.8
18 05 2010   8.0
19 05 2010   7.9
20 05 2010   7.9
21 05 2010   8.0
22 05 2010   8.0
23 05 2010   8.2
24 05 2010   8.3
25 05 2010   8.3
26 05 2010   8.2
27 05 2010   8.3
28 05 2010   8.3
29 05 2010   8.3
30 05 2010   8.4
31 05 2010   8.6
01 06 2010   8.6
02 06 2010   8.7
03 06 2010   8.8
04 06 2010   9.1
05 06 2010   9.2
06 06 2010   9.2
07 06 2010   9.4
08 06 2010   9.4
09 06 2010   9.5
10 06 2010   9.5
11 06 2010   9.7
12 06 2010   9.7
13 06 2010   9.4
14 06 2010   9.5
15 06 2010   9.3
16 06 2010   9.3
17 06 2010   9.4
18 06 2010   9.4
19 06 2010   9.5
20 06 2010   9.6
21 06 2010   9.8
22 06 2010   9.7
23 06 2010   9.8
24 06 2010   9.9
25 06 2010  10.1
26 06 2010   9.9
27 06 2010  10.1
28 06 2010  10.3
29 06 2010  10.3
30 06 2010  10.3
01 07 2010  10.2
02 07 2010  10.3
03 07 2010  10.4
04 07 2010  10.4
05 07 2010  10.4
06 07 2010  10.6
07 07 2010  10.5
08 07 2010  10.5
09 07 2010  10.6
10 07 2010  10.6
11 07 2010  10.7
12 07 2010  10.6
13 07 2010  10.6
14 07 2010  10.6
15 07 2010  10.7
16 07 2010  10.8
17 07 2010  10.6
18 07 2010  10.7
19 07 2010  10.8
20 07 2010  10.9
21 07 2010  11.1
22 07 2010  10.8
23 07 2010  11.1
24 07 2010  10.7
25 07 2010  10.9
26 07 2010  11.1
27 07 2010  11.3
28 07 2010  11.5
29 07 2010  11.3
30 07 2010  11.4
31 07 2010  11.4
01 08 2010  11.6
02 08 2010  11.6
03 08 2010  11.4
04 08 2010  11.8
05 08 2010  11.9
06 08 2010  11.5
07 08 2010  11.9
08 08 2010  11.6
09 08 2010  12.0
10 08 2010  11.5
11 08 2010  11.6
12 08 2010  11.2
13 08 2010  11.2
14 08 2010  11.1
15 08 2010  11.3
16 08 2010  11.1
17 08 2010  11.4
18 08 2010  11.5
19 08 2010  11.8
20 08 2010  12.1
21 08 2010  12.4
22 08 2010  12.4
23 08 2010  11.4
24 08 2010  11.5
25 08 2010  11.7
26 08 2010  11.3
27 08 2010  11.3
28 08 2010  11.0
29 08 2010  11.1
30 08 2010  11.2
31 08 2010  11.1
01 09 2010  11.1
02 09 2010  11.5
03 09 2010  12.0
04 09 2010  12.2
05 09 2010  12.2
06 09 2010  12.3
07 09 2010  12.3
08 09 2010  12.4
09 09 2010  12.4
10 09 2010  12.3
11 09 2010  12.3
12 09 2010  12.2
13 09 2010  12.1
14 09 2010  12.1
15 09 2010  11.8
16 09 2010  11.7
17 09 2010  11.4
18 09 2010  11.2
19 09 2010  11.2
20 09 2010  11.3
21 09 2010  11.3
22 09 2010  11.3
23 09 2010  11.3
24 09 2010  11.3
25 09 2010  11.2
26 09 2010  11.2
27 09 2010  11.2
28 09 2010  11.2
29 09 2010  11.1
30 09 2010  11.1
01 10 2010  11.1
02 10 2010  11.0
03 10 2010  10.9
04 10 2010  10.8
05 10 2010  10.6
06 10 2010  10.7
07 10 2010  10.8
08 10 2010  10.7
09 10 2010  10.6
10 10 2010  10.5
11 10 2010  10.6
12 10 2010  10.6
13 10 2010  10.6
14 10 2010  10.6
15 10 2010  10.4
16 10 2010  10.6
17 10 2010  10.5
18 10 2010  10.2
19 10 2010  10.1
20 10 2010  10.2
21 10 2010   9.9
22 10 2010   9.9
23 10 2010   9.9
24 10 2010   9.8
25 10 2010   9.2
26 10 2010   9.3
27 10 2010   9.3
28 10 2010   9.3
29 10 2010   9.0
30 10 2010   8.9
31 10 2010   8.8
01 11 2010   8.7
02 11 2010   8.8
03 11 2010   8.2
04 11 2010   8.5
05 11 2010   8.7
06 11 2010   8.7
07 11 2010   8.5
08 11 2010   8.4
09 11 2010   8.2
10 11 2010   8.1
11 11 2010   7.9
12 11 2010   7.8
13 11 2010   7.5
14 11 2010   7.8
15 11 2010   7.4
16 11 2010   7.5
17 11 2010   7.9
18 11 2010   7.8
19 11 2010   7.8
20 11 2010   7.9
21 11 2010   8.0
22 11 2010   8.0
23 11 2010   7.8
24 11 2010   7.7
25 11 2010   7.5
26 11 2010   7.5
27 11 2010   7.5
28 11 2010   7.4
29 11 2010   7.5
30 11 2010   7.5
01 12 2010   7.4
02 12 2010   7.5
03 12 2010   7.5
04 12 2010   7.2
05 12 2010   7.4
06 12 2010   7.3
07 12 2010   7.3
08 12 2010   7.3
09 12 2010   7.4
10 12 2010   7.5
11 12 2010   7.4
12 12 2010   7.5
13 12 2010   7.5
14 12 2010   7.5
15 12 2010   7.5
16 12 2010   7.1
17 12 2010   6.7
18 12 2010   7.0
19 12 2010   6.6
20 12 2010   6.6
21 12 2010   6.0
22 12 2010   6.0
23 12 2010   6.0
24 12 2010   6.1
25 12 2010   6.4
26 12 2010   6.7
27 12 2010   7.1
28 12 2010   7.2
29 12 2010   7.2
30 12 2010   7.1
31 12 2010   7.1
01 01 2011   6.8
02 01 2011   6.9
03 01 2011   7.2
04 01 2011   6.5
05 01 2011   6.5
06 01 2011   6.2
07 01 2011   6.1
08 01 2011   6.1
09 01 2011   5.7
10 01 2011   5.3
11 01 2011   5.6
12 01 2011   6.1
13 01 2011   6.6
14 01 2011   6.6
15 01 2011   6.9
16 01 2011   6.9
17 01 2011   6.8
18 01 2011   6.6
19 01 2011   6.8
20 01 2011   6.8
21 01 2011   6.9
22 01 2011   7.0
23 01 2011   7.0
24 01 2011   7.1
25 01 2011   7.1
26 01 2011   7.0
27 01 2011   7.0
28 01 2011   6.8
29 01 2011   6.5
30 01 2011   6.6
31 01 2011   6.2
01 02 2011   6.4
02 02 2011   6.2
03 02 2011   6.4
04 02 2011   6.3
05 02 2011   6.3
06 02 2011   6.4
07 02 2011   6.4
08 02 2011   6.2
09 02 2011   6.4
10 02 2011   6.4
11 02 2011   6.7
12 02 2011   7.1
13 02 2011   6.9
14 02 2011   6.9
15 02 2011   7.0
16 02 2011   7.0
17 02 2011   6.9
18 02 2011   6.9
19 02 2011   6.7
20 02 2011   7.0
21 02 2011   7.1
22 02 2011   7.2
23 02 2011   7.2
24 02 2011   7.3
25 02 2011   7.3
26 02 2011   7.1
27 02 2011   7.0
28 02 2011   7.0
01 03 2011   6.9
02 03 2011   6.9
03 03 2011   6.9
04 03 2011   6.8
05 03 2011   6.5
06 03 2011   6.8
07 03 2011   6.6
08 03 2011   6.4
09 03 2011   6.3
10 03 2011   6.1
11 03 2011   5.8
12 03 2011   6.1
13 03 2011   6.3
14 03 2011   6.2
15 03 2011   6.2
16 03 2011   5.8
17 03 2011   6.0
18 03 2011   5.9
19 03 2011   5.7
20 03 2011   5.7
21 03 2011   6.0
22 03 2011   5.9
23 03 2011   5.6
24 03 2011   5.7
25 03 2011   5.9
26 03 2011   5.8
27 03 2011   5.9
28 03 2011   6.0
29 03 2011   6.2
30 03 2011   6.3
31 03 2011   6.4
01 04 2011   6.4
02 04 2011   6.5
03 04 2011   6.6
04 04 2011   6.7
05 04 2011   6.7
06 04 2011   6.8
07 04 2011   6.8
08 04 2011   6.9
09 04 2011   6.9
10 04 2011   6.9
11 04 2011   6.7
12 04 2011   6.8
13 04 2011   6.9
14 04 2011   6.8
15 04 2011   6.5
16 04 2011   6.6
17 04 2011   6.5
18 04 2011   6.6
19 04 2011   6.5
20 04 2011   6.5
21 04 2011   6.4
22 04 2011   6.5
23 04 2011   6.6
24 04 2011   6.5
25 04 2011   6.5
26 04 2011   6.6
27 04 2011   6.7
28 04 2011   6.8
29 04 2011   6.8
30 04 2011   6.8
01 05 2011   6.9
02 05 2011   7.1
03 05 2011   7.3
04 05 2011   7.3
05 05 2011   7.4
06 05 2011   7.6
07 05 2011   7.7
08 05 2011   7.7
09 05 2011   7.9
10 05 2011   7.8
11 05 2011   7.9
12 05 2011   7.9
13 05 2011   8.0
14 05 2011   8.1
15 05 2011   8.1
16 05 2011   8.1
17 05 2011   8.0
18 05 2011   8.0
19 05 2011   8.1
20 05 2011   8.1
21 05 2011   8.1
22 05 2011   8.1
23 05 2011   8.1
24 05 2011   7.9
25 05 2011   8.0
26 05 2011   8.0
27 05 2011   8.1
28 05 2011   8.2
29 05 2011   8.2
30 05 2011   8.3
31 05 2011   8.3
01 06 2011   8.3
02 06 2011   8.4
03 06 2011   8.4
04 06 2011   8.5
05 06 2011   8.5
06 06 2011   8.5
07 06 2011   8.4
08 06 2011   8.4
09 06 2011   8.4
10 06 2011   8.3
11 06 2011   8.4
12 06 2011   8.4
13 06 2011   8.5
14 06 2011   8.6
15 06 2011   8.7
16 06 2011   8.7
17 06 2011   8.7
18 06 2011   8.8
19 06 2011   8.8
20 06 2011   8.9
21 06 2011   8.9
22 06 2011   9.0
23 06 2011   9.1
24 06 2011   9.2
25 06 2011   9.3
26 06 2011   9.5
27 06 2011   9.7
28 06 2011   9.6
29 06 2011   9.5
30 06 2011   9.6
01 07 2011   9.6
02 07 2011   9.7
03 07 2011   9.7
04 07 2011   9.8
05 07 2011   9.8
06 07 2011   9.9
07 07 2011  10.0
08 07 2011  10.0
09 07 2011  10.1
10 07 2011  10.2
11 07 2011  10.1
12 07 2011  10.2
13 07 2011  10.1
14 07 2011  10.1
15 07 2011  10.2
16 07 2011  10.1
17 07 2011  10.2
18 07 2011  10.2
19 07 2011  10.3
20 07 2011  10.4
21 07 2011  10.5
22 07 2011  10.5
23 07 2011  10.9
24 07 2011  10.9
25 07 2011  11.3
26 07 2011  11.3
27 07 2011  11.2
28 07 2011  11.2
29 07 2011  11.1
30 07 2011  10.9
31 07 2011  10.9
01 08 2011  11.1
02 08 2011  11.1
03 08 2011  11.2
04 08 2011  11.2
05 08 2011  11.1
06 08 2011  11.0
07 08 2011  11.1
08 08 2011  11.0
09 08 2011  11.1
10 08 2011  11.1
11 08 2011  11.0
12 08 2011  11.1
13 08 2011  11.0
14 08 2011  11.1
15 08 2011  10.7
16 08 2011  10.8
17 08 2011  10.9
18 08 2011  10.9
19 08 2011  11.0
20 08 2011  11.1
21 08 2011  11.2
22 08 2011  11.3
23 08 2011  11.2
24 08 2011  11.2
25 08 2011  11.4
26 08 2011  11.3
27 08 2011  11.3
28 08 2011  11.3
29 08 2011  11.2
30 08 2011  11.1
31 08 2011  11.0
01 09 2011  10.9
02 09 2011  11.0
03 09 2011  11.2
04 09 2011  11.2
05 09 2011  11.1
06 09 2011  11.1
07 09 2011  11.2
08 09 2011  11.0
09 09 2011  10.6
10 09 2011  10.5
11 09 2011  10.6
12 09 2011  10.8
13 09 2011  10.9
14 09 2011  10.9
15 09 2011  10.9
16 09 2011  10.8
17 09 2011  10.8
18 09 2011  10.8
19 09 2011  10.7
20 09 2011  10.8
21 09 2011  10.7
22 09 2011  10.7
23 09 2011  10.7
24 09 2011  10.6
25 09 2011  10.7
26 09 2011  10.7
27 09 2011  10.6
28 09 2011  10.6
29 09 2011  10.5
30 09 2011  10.6
01 10 2011  10.5
02 10 2011  10.4
03 10 2011  10.4
04 10 2011  10.4
05 10 2011  10.4
06 10 2011  10.1
07 10 2011  10.0
08 10 2011   9.8
09 10 2011   9.8
10 10 2011   9.7
11 10 2011   9.6
12 10 2011   9.3
13 10 2011   9.5
14 10 2011   9.4
15 10 2011   9.2
16 10 2011   9.2
17 10 2011   9.1
18 10 2011   8.7
19 10 2011   8.9
20 10 2011   8.9
21 10 2011   9.0
22 10 2011   9.1
23 10 2011   9.0
24 10 2011   8.9
25 10 2011   8.8
26 10 2011   8.7
27 10 2011   8.7
28 10 2011   8.7
29 10 2011   8.6
30 10 2011   8.6
31 10 2011   8.6
01 11 2011   8.6
02 11 2011   8.6
03 11 2011   8.5
04 11 2011   8.7
05 11 2011   8.7
06 11 2011   8.6
07 11 2011   8.5
08 11 2011   8.6
09 11 2011   8.7
10 11 2011   8.7
11 11 2011   8.6
12 11 2011   8.6
13 11 2011   8.6
14 11 2011   8.5
15 11 2011   8.6
16 11 2011   8.7
17 11 2011   8.7
18 11 2011   8.7
19 11 2011   8.6
20 11 2011   8.6
21 11 2011   8.5
22 11 2011   8.3
23 11 2011   8.3
24 11 2011   8.1
25 11 2011   8.0
26 11 2011   8.1
27 11 2011   8.1
28 11 2011   7.9
29 11 2011   7.9
30 11 2011   7.9
01 12 2011   7.8
02 12 2011   7.5
03 12 2011   7.3
04 12 2011   7.2
05 12 2011   7.3
06 12 2011   6.7
07 12 2011   6.5
08 12 2011   6.2
09 12 2011   6.4
10 12 2011   6.2
11 12 2011   6.7
12 12 2011   6.8
13 12 2011   6.8
14 12 2011   6.8
15 12 2011   6.7
16 12 2011   6.7
17 12 2011   6.6
18 12 2011   6.3
19 12 2011   6.4
20 12 2011   6.4
21 12 2011   6.3
22 12 2011   6.6
23 12 2011   6.5
24 12 2011   6.5
25 12 2011   6.4
26 12 2011   6.2
27 12 2011   5.8
28 12 2011   6.1
29 12 2011   6.0
30 12 2011   6.0
31 12 2011   6.2
01 01 2012   6.2
02 01 2012   6.2
03 01 2012   6.1
04 01 2012   6.0
05 01 2012   6.0
06 01 2012   6.0
07 01 2012   6.2
08 01 2012   6.3
09 01 2012   6.3
10 01 2012   6.1
11 01 2012   5.9
12 01 2012   6.0
13 01 2012   5.9
14 01 2012   6.2
15 01 2012   6.3
16 01 2012   6.5
17 01 2012   6.5
18 01 2012   6.4
19 01 2012   6.2
20 01 2012   5.8
21 01 2012   6.0
22 01 2012   5.9
23 01 2012   6.0
24 01 2012   6.0
25 01 2012   6.4
26 01 2012   6.4
27 01 2012   6.4
28 01 2012   6.5
29 01 2012   6.7
30 01 2012   6.7
31 01 2012   6.7
01 02 2012   6.7
02 02 2012   6.5
03 02 2012   6.7
04 02 2012   6.6
05 02 2012   6.7
06 02 2012   6.8
07 02 2012   6.9
08 02 2012   6.9
09 02 2012   6.9
10 02 2012   6.9
11 02 2012   6.9
12 02 2012   6.9
13 02 2012   6.8
14 02 2012   6.9
15 02 2012   6.8
16 02 2012   6.6
17 02 2012   6.2
18 02 2012   5.8
19 02 2012   6.1
20 02 2012   6.1
21 02 2012   6.1
22 02 2012   6.3
23 02 2012   6.3
24 02 2012   6.3
25 02 2012   6.4
26 02 2012   6.6
27 02 2012   6.6
28 02 2012   6.6
29 02 2012   6.6
01 03 2012   6.3
02 03 2012   6.4
03 03 2012   6.5
04 03 2012   6.3
05 03 2012   6.3
06 03 2012   6.2
07 03 2012   6.0
08 03 2012   5.7
09 03 2012   5.8
10 03 2012   5.5
11 03 2012   5.7
12 03 2012   5.6
13 03 2012   5.7
14 03 2012   5.9
15 03 2012   5.7
16 03 2012   5.8
17 03 2012   5.9
18 03 2012   5.4
19 03 2012   6.0
20 03 2012   6.1
21 03 2012   6.1
22 03 2012   6.2
23 03 2012   6.3
24 03 2012   6.5
25 03 2012   6.6
26 03 2012   6.7
27 03 2012   6.8
28 03 2012   6.8
29 03 2012   6.8
30 03 2012   6.8
31 03 2012   6.8
01 04 2012   6.8
02 04 2012   6.7
03 04 2012   6.6
04 04 2012   6.7
05 04 2012   6.7
06 04 2012   6.8
07 04 2012   6.8
08 04 2012   6.8
09 04 2012   6.7
10 04 2012   6.7
11 04 2012   6.6
12 04 2012   6.5
13 04 2012   6.7
14 04 2012   6.8
15 04 2012   6.8
16 04 2012   6.7
17 04 2012   6.8
18 04 2012   7.0
19 04 2012   7.0
20 04 2012   7.1
21 04 2012   7.1
22 04 2012   7.1
23 04 2012   7.0
24 04 2012   7.0
25 04 2012   7.2
26 04 2012   7.2
27 04 2012   7.2
28 04 2012   7.2
29 04 2012   7.3
30 04 2012   7.3
01 05 2012   7.4
02 05 2012   7.4
03 05 2012   7.5
04 05 2012   7.5
05 05 2012   7.5
06 05 2012   7.6
07 05 2012   7.6
08 05 2012   7.6
09 05 2012   7.6
10 05 2012   7.7
11 05 2012   7.7
12 05 2012   7.7
13 05 2012   7.8
14 05 2012   7.5
15 05 2012   7.5
16 05 2012   7.5
17 05 2012   7.6
18 05 2012   7.7
19 05 2012   7.7
20 05 2012   7.7
21 05 2012   7.7
22 05 2012   7.7
23 05 2012   7.8
24 05 2012   7.8
25 05 2012   7.8
26 05 2012   7.9
27 05 2012   8.0
28 05 2012   8.1
29 05 2012   8.3
30 05 2012   8.2
31 05 2012   8.3
01 06 2012   8.4
02 06 2012   8.5
03 06 2012   8.5
04 06 2012   8.6
05 06 2012   8.5
06 06 2012   8.5
07 06 2012   8.5
08 06 2012   8.7
09 06 2012   8.8
10 06 2012   8.9
11 06 2012   8.9
12 06 2012   9.1
13 06 2012   9.0
14 06 2012   9.1
15 06 2012   9.2
16 06 2012   9.4
17 06 2012   9.3
18 06 2012   9.3
19 06 2012   9.4
20 06 2012   9.4
21 06 2012   9.3
22 06 2012   9.6
23 06 2012   9.8
24 06 2012   9.7
25 06 2012   9.7
26 06 2012   9.7
27 06 2012   9.8
28 06 2012   9.9
29 06 2012  10.0
30 06 2012   9.9
01 07 2012  10.1
02 07 2012  10.1
03 07 2012  10.2
04 07 2012  10.1
05 07 2012  10.3
06 07 2012  10.2
07 07 2012  10.4
08 07 2012  10.5
09 07 2012  10.6
10 07 2012  10.5
11 07 2012  10.4
12 07 2012  10.6
13 07 2012  10.6
14 07 2012  11.1
15 07 2012  10.4
16 07 2012  10.6
17 07 2012  10.6
18 07 2012  10.5
19 07 2012  10.6
20 07 2012  10.8
21 07 2012  10.8
22 07 2012  10.5
23 07 2012  10.7
24 07 2012  10.9
25 07 2012  10.5
26 07 2012  10.5
27 07 2012  10.5
28 07 2012  10.4
29 07 2012  10.4
30 07 2012  10.2
31 07 2012  10.6
01 08 2012  10.9
02 08 2012  10.7
03 08 2012  10.6
04 08 2012  10.6
05 08 2012  10.5
06 08 2012  10.4
07 08 2012  10.6
08 08 2012  10.7
09 08 2012  10.9
10 08 2012  11.0
11 08 2012  11.6
12 08 2012  11.8
13 08 2012  11.9
14 08 2012  11.9
15 08 2012  12.3
16 08 2012  12.0
17 08 2012  11.8
18 08 2012  11.8
19 08 2012  11.9
20 08 2012  11.9
21 08 2012  11.9
22 08 2012  11.9
23 08 2012  11.9
24 08 2012  12.0
25 08 2012  11.9
26 08 2012  11.8
27 08 2012  11.6
28 08 2012  11.4
29 08 2012  11.2
30 08 2012  11.2
31 08 2012  11.2
01 09 2012  11.2
02 09 2012  11.2
03 09 2012  11.2
04 09 2012  11.2
05 09 2012  11.2
06 09 2012  11.1
07 09 2012  11.1
08 09 2012  11.2
09 09 2012  11.2
10 09 2012  10.8
11 09 2012  10.2
12 09 2012  10.1
13 09 2012   9.9
14 09 2012  10.0
15 09 2012  10.0
16 09 2012  10.1
17 09 2012  10.0
18 09 2012   9.8
19 09 2012   9.8
20 09 2012   9.8
21 09 2012   9.6
22 09 2012   9.7
23 09 2012   9.8
24 09 2012   9.6
25 09 2012   9.6
26 09 2012   9.6
27 09 2012   9.5
28 09 2012   9.3
29 09 2012   9.1
30 09 2012   9.0
01 10 2012   9.1
02 10 2012   9.1
03 10 2012   9.1
04 10 2012   8.8
05 10 2012   9.0
06 10 2012   9.0
07 10 2012   8.9
08 10 2012   8.6
09 10 2012   8.8
10 10 2012   8.8
11 10 2012   8.9
12 10 2012   8.8
13 10 2012   8.8
14 10 2012   8.7
15 10 2012   8.4
16 10 2012   8.5
17 10 2012   8.5
18 10 2012   8.3
19 10 2012   8.1
20 10 2012   7.9
21 10 2012   8.0
22 10 2012   8.0
23 10 2012   8.1
24 10 2012   7.9
25 10 2012   7.8
26 10 2012   7.8
27 10 2012   7.9
28 10 2012   7.8
29 10 2012   7.7
30 10 2012   7.7
31 10 2012   7.2
01 11 2012   6.9
02 11 2012   6.6
03 11 2012   6.8
04 11 2012   6.5
05 11 2012   7.0
06 11 2012   7.1
07 11 2012   7.1
08 11 2012   7.1
09 11 2012   7.1
10 11 2012   6.8
11 11 2012   6.5
12 11 2012   6.8
13 11 2012   7.2
14 11 2012   7.2
15 11 2012   7.2
16 11 2012   7.2
17 11 2012   7.0
18 11 2012   6.8
19 11 2012   6.6
20 11 2012   6.4
21 11 2012   6.7
22 11 2012   7.1
23 11 2012   7.1
24 11 2012   7.1
25 11 2012   7.1
26 11 2012   7.0
27 11 2012   6.9
28 11 2012   6.8
29 11 2012   6.8
30 11 2012   7.1
01 12 2012   6.8
02 12 2012   6.8
03 12 2012   7.2
04 12 2012   7.0
05 12 2012   6.9
06 12 2012   7.2
07 12 2012   7.1
08 12 2012   6.9
09 12 2012   6.7
10 12 2012   6.6
11 12 2012   6.6
12 12 2012   6.8
13 12 2012   6.6
14 12 2012   6.5
15 12 2012   6.7
16 12 2012   6.7
17 12 2012   6.7
18 12 2012   6.5
19 12 2012   6.3
20 12 2012   7.0
21 12 2012   7.3
22 12 2012   7.3
23 12 2012   7.3
24 12 2012   7.2
25 12 2012   7.2
26 12 2012   6.7
27 12 2012   6.3
28 12 2012   6.7
29 12 2012   6.9
30 12 2012   6.7
31 12 2012   6.6
01 01 2013   6.6
02 01 2013   6.6
03 01 2013   6.9
04 01 2013   7.0
05 01 2013   7.1
06 01 2013   7.1
07 01 2013   7.1
08 01 2013   7.0
09 01 2013   7.0
10 01 2013   7.2
11 01 2013   7.2
12 01 2013   7.3
13 01 2013   7.3
14 01 2013   7.1
15 01 2013   6.9
16 01 2013   7.2
17 01 2013   7.2
18 01 2013   7.3
19 01 2013   7.3
20 01 2013   7.0
21 01 2013   6.9
22 01 2013   6.9
23 01 2013   6.7
24 01 2013   6.8
25 01 2013   6.8
26 01 2013   6.6
27 01 2013   6.7
28 01 2013   7.0
29 01 2013   7.1
30 01 2013   7.1
31 01 2013   6.8
01 02 2013   6.8
02 02 2013   6.8
03 02 2013   6.6
04 02 2013   6.6
05 02 2013   6.6
06 02 2013   6.7
07 02 2013   6.7
08 02 2013   6.6
09 02 2013   6.9
10 02 2013   7.0
11 02 2013   6.9
12 02 2013   6.9
13 02 2013   6.9
14 02 2013   6.9
15 02 2013   6.8
16 02 2013   6.7
17 02 2013   6.5
18 02 2013   6.9
19 02 2013   7.1
20 02 2013   7.2
21 02 2013   7.2
22 02 2013   7.2
23 02 2013   7.2
24 02 2013   7.3
25 02 2013   7.4
26 02 2013   7.5
27 02 2013   7.5
28 02 2013   7.5
01 03 2013   7.5
02 03 2013   7.4
03 03 2013   7.4
04 03 2013   7.0
05 03 2013   6.9
06 03 2013   6.5
07 03 2013   6.6
08 03 2013   6.7
09 03 2013   6.7
10 03 2013   6.7
11 03 2013   6.9
12 03 2013   6.8
13 03 2013   6.7
14 03 2013   6.8
15 03 2013   6.7
16 03 2013   6.7
17 03 2013   6.4
18 03 2013   6.5
19 03 2013   6.5
20 03 2013   6.2
21 03 2013   6.1
22 03 2013   6.0
23 03 2013   5.9
24 03 2013   6.3
25 03 2013   6.5
26 03 2013   6.8
27 03 2013   6.8
28 03 2013   7.0
29 03 2013   7.1
30 03 2013   7.2
31 03 2013   7.1
01 04 2013   7.2
02 04 2013   7.2
03 04 2013   7.3
04 04 2013   7.3
05 04 2013   7.3
06 04 2013   7.1
07 04 2013   7.1
08 04 2013   7.3
09 04 2013   7.4
10 04 2013   7.5
11 04 2013   7.4
12 04 2013   7.3
13 04 2013   7.2
14 04 2013   7.0
15 04 2013   7.2
16 04 2013   7.2
17 04 2013   7.2
18 04 2013   7.3
19 04 2013   7.2
20 04 2013   7.2
21 04 2013   7.2
22 04 2013   7.1
23 04 2013   7.3
24 04 2013   7.3
25 04 2013   7.3
26 04 2013   7.2
27 04 2013   7.2
28 04 2013   7.2
29 04 2013   7.1
30 04 2013   7.1
01 05 2013   7.0
02 05 2013   7.0
03 05 2013   7.1
04 05 2013   7.1
05 05 2013   7.2
06 05 2013   7.2
07 05 2013   7.3
08 05 2013   7.4
09 05 2013   7.4
10 05 2013   7.4
11 05 2013   7.4
12 05 2013   7.5
13 05 2013   7.6
14 05 2013   7.7
15 05 2013   7.7
16 05 2013   7.8
17 05 2013   7.8
18 05 2013   7.8
19 05 2013   7.8
20 05 2013   7.8
21 05 2013   7.9
22 05 2013   7.9
23 05 2013   7.9
24 05 2013   7.9
25 05 2013   7.8
26 05 2013   7.8
27 05 2013   7.8
28 05 2013   7.8
29 05 2013   7.9
30 05 2013   8.0
31 05 2013   7.9
01 06 2013   7.9
02 06 2013   8.0
03 06 2013   8.1
04 06 2013   8.1
05 06 2013   8.2
06 06 2013   8.2
07 06 2013   8.2
08 06 2013   8.3
09 06 2013   8.4
10 06 2013   8.4
11 06 2013   8.6
12 06 2013   8.7
13 06 2013   8.8
14 06 2013   8.9
15 06 2013   9.0
16 06 2013   9.1
17 06 2013   9.1
18 06 2013   9.2
19 06 2013   9.1
20 06 2013   9.2
21 06 2013   9.2
22 06 2013   9.2
23 06 2013   9.2
24 06 2013   9.3
25 06 2013   9.3
26 06 2013   9.2
27 06 2013   9.1
28 06 2013   9.1
29 06 2013   9.1
30 06 2013   9.2
01 07 2013   9.4
02 07 2013   9.4
03 07 2013   9.4
04 07 2013   9.3
05 07 2013   9.3
06 07 2013   9.3
07 07 2013   9.3
08 07 2013   9.0
09 07 2013   9.1
10 07 2013   8.9
11 07 2013   8.8
12 07 2013   8.8
13 07 2013   9.0
14 07 2013   9.1
15 07 2013   9.3
16 07 2013   9.2
17 07 2013   9.6
18 07 2013   9.2
19 07 2013   9.2
20 07 2013   9.3
21 07 2013   9.2
22 07 2013   9.2
23 07 2013   9.2
24 07 2013   9.3
25 07 2013   9.6
26 07 2013   9.6
27 07 2013   9.6
28 07 2013   9.6
29 07 2013   9.7
30 07 2013   9.8
31 07 2013   9.8
01 08 2013  10.0
02 08 2013  10.0
03 08 2013  10.1
04 08 2013  10.1
05 08 2013   9.8
06 08 2013   9.5
07 08 2013   9.9
08 08 2013  10.0
09 08 2013  10.5
10 08 2013  10.8
11 08 2013  10.7
12 08 2013  10.8
13 08 2013  10.7
14 08 2013  10.7
15 08 2013  10.6
16 08 2013  10.6
17 08 2013  10.6
18 08 2013  10.4
19 08 2013  10.3
20 08 2013  10.3
21 08 2013  10.0
22 08 2013  10.0
23 08 2013  10.1
24 08 2013  10.1
25 08 2013  10.0
26 08 2013   9.9
27 08 2013   9.9
28 08 2013   9.9
29 08 2013   9.7
30 08 2013   9.7
31 08 2013   9.8
01 09 2013   9.7
02 09 2013   9.6
03 09 2013   9.7
04 09 2013   9.6
05 09 2013   9.4
06 09 2013   9.2
07 09 2013   9.3
08 09 2013   9.2
09 09 2013   9.2
10 09 2013   9.2
11 09 2013   9.1
12 09 2013   9.1
13 09 2013   9.1
14 09 2013   9.2
15 09 2013   9.1
16 09 2013   8.8
17 09 2013   8.5
18 09 2013   8.2
19 09 2013   8.1
20 09 2013   8.1
21 09 2013   8.1
22 09 2013   8.0
23 09 2013   8.0
24 09 2013   8.0
25 09 2013   8.0
26 09 2013   8.2
27 09 2013   8.2
28 09 2013   8.2
29 09 2013   8.1
30 09 2013   8.1
01 10 2013   8.1
02 10 2013   8.1
03 10 2013   8.1
04 10 2013   8.0
05 10 2013   7.9
06 10 2013   7.8
07 10 2013   7.8
08 10 2013   7.8
09 10 2013   7.6
10 10 2013   7.8
11 10 2013   7.8
12 10 2013   7.8
13 10 2013   7.8
14 10 2013   7.7
15 10 2013   7.5
16 10 2013   7.3
17 10 2013   7.4
18 10 2013   7.4
19 10 2013   7.3
20 10 2013   7.2
21 10 2013   7.2
22 10 2013   7.2
23 10 2013   7.2
24 10 2013   7.2
25 10 2013   6.9
26 10 2013   6.8
27 10 2013   7.1
28 10 2013   7.0
29 10 2013   6.9
30 10 2013   6.6
31 10 2013   6.8
01 11 2013   7.0
02 11 2013   6.9
03 11 2013   6.9
04 11 2013   6.7
05 11 2013   6.6
06 11 2013   6.7
07 11 2013   7.0
08 11 2013   7.0
09 11 2013   6.8
10 11 2013   6.7
11 11 2013   6.9
12 11 2013   6.7
13 11 2013   6.5
14 11 2013   6.6
15 11 2013   6.9
16 11 2013   6.6
17 11 2013   6.7
18 11 2013   6.3
19 11 2013   6.4
20 11 2013   6.3
21 11 2013   6.4
22 11 2013   6.5
23 11 2013   6.3
24 11 2013   6.3
25 11 2013   6.4
26 11 2013   6.5
27 11 2013   6.5
28 11 2013   6.3
29 11 2013   6.4
30 11 2013   6.4
01 12 2013   6.4
02 12 2013   6.4
03 12 2013   6.3
04 12 2013   6.0
05 12 2013   5.6
06 12 2013   5.3
07 12 2013   5.4
08 12 2013   5.9
09 12 2013   6.3
10 12 2013   6.2
11 12 2013   6.2
12 12 2013   6.0
13 12 2013   6.2
14 12 2013   6.2
15 12 2013   6.2
16 12 2013   6.5
17 12 2013   6.3
18 12 2013   6.4
19 12 2013   6.3
20 12 2013   6.2
21 12 2013   6.3
22 12 2013   6.4
23 12 2013   6.4
24 12 2013   6.3
25 12 2013   5.9
26 12 2013   6.2
27 12 2013   6.1
28 12 2013   6.2
29 12 2013   5.8
30 12 2013   6.0
31 12 2013   6.2
01 01 2014   6.3
02 01 2014   6.6
03 01 2014   6.7
04 01 2014   6.8
05 01 2014   6.7
06 01 2014   6.8
07 01 2014   6.7
08 01 2014   6.6
09 01 2014   6.4
10 01 2014   6.5
11 01 2014   6.8
12 01 2014   6.6
13 01 2014   6.8
14 01 2014   6.8
15 01 2014   6.7
16 01 2014   6.7
17 01 2014   6.7
18 01 2014   6.7
19 01 2014   6.8
20 01 2014   6.8
21 01 2014   6.9
22 01 2014   7.0
23 01 2014   6.9
24 01 2014   6.6
25 01 2014   7.0
26 01 2014   6.9
27 01 2014   6.9
28 01 2014   6.9
29 01 2014   6.9
30 01 2014   6.8
31 01 2014   6.8
01 02 2014   6.8
02 02 2014   6.8
03 02 2014   6.7
04 02 2014   6.5
05 02 2014   6.6
06 02 2014   6.6
07 02 2014   6.7
08 02 2014   6.7
09 02 2014   6.6
10 02 2014   6.7
11 02 2014   6.6
12 02 2014   6.5
13 02 2014   6.2
14 02 2014   6.6
15 02 2014   6.7
16 02 2014   6.7
17 02 2014   6.6
18 02 2014   6.2
19 02 2014   6.2
20 02 2014   6.6
21 02 2014   6.8
22 02 2014   6.8
23 02 2014   6.8
24 02 2014   6.5
25 02 2014   6.2
26 02 2014   6.6
27 02 2014   6.4
28 02 2014   6.5
01 03 2014   6.7
02 03 2014   6.8
03 03 2014   6.8
04 03 2014   6.8
05 03 2014   6.8
06 03 2014   6.8
07 03 2014   6.8
08 03 2014   6.7
09 03 2014   6.7
10 03 2014   6.7
11 03 2014   6.7
12 03 2014   6.8
13 03 2014   6.7
14 03 2014   6.7
15 03 2014   6.7
16 03 2014   6.7
17 03 2014   6.5
18 03 2014   6.1
19 03 2014   6.2
20 03 2014   6.5
21 03 2014   6.6
22 03 2014   6.6
23 03 2014   6.6
24 03 2014   6.6
25 03 2014   6.6
26 03 2014   6.7
27 03 2014   6.8
28 03 2014   6.8
29 03 2014   6.8
30 03 2014   6.8
31 03 2014   6.9
01 04 2014   6.9
02 04 2014   7.0
03 04 2014   7.0
04 04 2014   7.0
05 04 2014   7.2
06 04 2014   7.2
07 04 2014   7.3
08 04 2014   7.3
09 04 2014   7.4
10 04 2014   7.4
11 04 2014   7.3
12 04 2014   7.4
13 04 2014   7.3
14 04 2014   7.4
15 04 2014   7.4
16 04 2014   7.2
17 04 2014   7.2
18 04 2014   7.2
19 04 2014   7.1
20 04 2014   7.2
21 04 2014   7.0
22 04 2014   6.9
23 04 2014   7.0
24 04 2014   7.2
25 04 2014   7.3
26 04 2014   7.4
27 04 2014   7.5
28 04 2014   7.5
29 04 2014   7.5
30 04 2014   7.4
01 05 2014   7.4
02 05 2014   7.5
03 05 2014   7.5
04 05 2014   7.6
05 05 2014   7.7
06 05 2014   7.8
07 05 2014   7.8
08 05 2014   7.9
09 05 2014   7.9
10 05 2014   7.9
11 05 2014   8.0
12 05 2014   8.0
13 05 2014   8.0
14 05 2014   8.1
15 05 2014   8.1
16 05 2014   8.2
17 05 2014   8.3
18 05 2014   8.3
19 05 2014   8.3
20 05 2014   8.3
21 05 2014   8.3
22 05 2014   8.4
23 05 2014   8.4
24 05 2014   8.4
25 05 2014   8.4
26 05 2014   8.5
27 05 2014   8.5
28 05 2014   8.6
29 05 2014   8.7
30 05 2014   8.7
31 05 2014   8.8
01 06 2014   8.8
02 06 2014   8.8
03 06 2014   8.9
04 06 2014   9.1
05 06 2014   9.0
06 06 2014   9.2
07 06 2014   9.2
08 06 2014   9.4
09 06 2014   9.6
10 06 2014   9.5
11 06 2014   9.8
12 06 2014  10.0
13 06 2014  10.0
14 06 2014  10.2
15 06 2014  10.2
16 06 2014  10.1
17 06 2014  10.1
18 06 2014   9.9
19 06 2014  10.0
20 06 2014  10.1
21 06 2014  10.1
22 06 2014  10.0
23 06 2014  10.1
24 06 2014  10.1
25 06 2014  10.3
26 06 2014  10.3
27 06 2014  10.4
28 06 2014  10.4
29 06 2014  10.4
30 06 2014  10.3
01 07 2014  10.3
02 07 2014  10.2
03 07 2014  10.3
04 07 2014  10.4
05 07 2014  10.4
06 07 2014   9.9
07 07 2014   9.9
08 07 2014   9.8
09 07 2014   9.7
10 07 2014   9.6
11 07 2014   9.6
12 07 2014   9.6
13 07 2014   9.6
14 07 2014   9.5
15 07 2014   9.5
16 07 2014   9.4
17 07 2014   9.5
18 07 2014   9.5
19 07 2014   9.5
20 07 2014   9.7
21 07 2014  10.1
22 07 2014  10.2
23 07 2014  10.4
24 07 2014  10.5
25 07 2014  10.6
26 07 2014  10.6
27 07 2014  10.7
28 07 2014  10.5
29 07 2014  10.5
30 07 2014  10.5
31 07 2014  10.6
01 08 2014  10.8
02 08 2014  10.8
03 08 2014  10.9
04 08 2014  10.9
05 08 2014  11.7
06 08 2014  12.0
07 08 2014  12.0
08 08 2014  12.1
09 08 2014  12.1
10 08 2014  12.0
11 08 2014  11.8
12 08 2014  11.8
13 08 2014  11.6
14 08 2014  11.6
15 08 2014  11.5
16 08 2014  11.5
17 08 2014  11.3
18 08 2014  11.2
19 08 2014  11.1
20 08 2014  11.4
21 08 2014  11.4
22 08 2014  11.3
23 08 2014  11.1
24 08 2014  11.0
25 08 2014  11.2
26 08 2014  11.1
27 08 2014  11.3
28 08 2014  11.4
29 08 2014  11.4
30 08 2014  11.7
31 08 2014  11.7
01 09 2014  11.7
02 09 2014  11.7
03 09 2014  11.6
04 09 2014  11.5
05 09 2014  11.4
06 09 2014  11.2
07 09 2014  11.2
08 09 2014  11.2
09 09 2014  11.1
10 09 2014  11.2
11 09 2014  11.2
12 09 2014  10.9
13 09 2014  10.8
14 09 2014  10.8
15 09 2014  10.7
16 09 2014  10.9
17 09 2014  10.9
18 09 2014  10.9
19 09 2014  11.0
20 09 2014  10.5
21 09 2014  10.2
22 09 2014  10.2
23 09 2014  10.2
24 09 2014  10.1
25 09 2014  10.0
26 09 2014   9.9
27 09 2014   9.9
28 09 2014   9.9
29 09 2014   9.9
30 09 2014   9.7
01 10 2014   9.5
02 10 2014   9.3
03 10 2014   9.2
04 10 2014   9.4
05 10 2014   9.3
06 10 2014   9.2
07 10 2014   9.1
08 10 2014   9.1
09 10 2014   8.9
10 10 2014   8.8
11 10 2014   8.7
12 10 2014   8.7
13 10 2014   8.6
14 10 2014   8.6
15 10 2014   8.4
16 10 2014   8.2
17 10 2014   7.8
18 10 2014   8.2
19 10 2014   8.3
20 10 2014   8.2
21 10 2014   7.8
22 10 2014   8.0
23 10 2014   8.2
24 10 2014   8.3
25 10 2014   8.1
26 10 2014   8.1
27 10 2014   8.0
28 10 2014   7.9
29 10 2014   7.7
30 10 2014   7.4
31 10 2014   7.5
01 11 2014   7.7
02 11 2014   7.7
03 11 2014   7.7
04 11 2014   7.8
05 11 2014   7.8
06 11 2014   7.7
07 11 2014   7.8
08 11 2014   7.8
09 11 2014   7.5
10 11 2014   7.5
11 11 2014   7.5
12 11 2014   7.5
13 11 2014   7.7
14 11 2014   7.9
15 11 2014   8.0
16 11 2014   7.9
17 11 2014   7.9
18 11 2014   7.9
19 11 2014   8.0
20 11 2014   8.0
21 11 2014   8.1
22 11 2014   8.1
23 11 2014   8.2
24 11 2014   8.2
25 11 2014   8.2
26 11 2014   8.2
27 11 2014   7.9
28 11 2014   8.0
29 11 2014   8.2
30 11 2014   8.1
01 12 2014   7.8
02 12 2014   7.8
03 12 2014   7.8
04 12 2014   7.7
05 12 2014   7.5
06 12 2014   7.5
07 12 2014   7.5
08 12 2014   7.4
09 12 2014   7.3
10 12 2014   7.2
11 12 2014   6.7
12 12 2014   6.6
13 12 2014   7.0
14 12 2014   6.7
15 12 2014   6.3
16 12 2014   5.7
17 12 2014   6.1
18 12 2014   6.4
19 12 2014   6.3
20 12 2014   6.5
21 12 2014   6.5
22 12 2014   6.5
23 12 2014   6.3
24 12 2014   6.5
25 12 2014   6.5
26 12 2014   6.5
27 12 2014   6.3
28 12 2014   6.4
29 12 2014   6.5
30 12 2014   6.7
31 12 2014   6.7
01 01 2015   6.7
02 01 2015   6.6
03 01 2015   6.6
04 01 2015   6.4
05 01 2015   6.6
06 01 2015   6.5
07 01 2015   6.4
08 01 2015   6.4
09 01 2015   6.2
10 01 2015   6.0
11 01 2015   5.8
12 01 2015   6.0
13 01 2015   6.0
14 01 2015   6.1
15 01 2015   6.1
16 01 2015   5.7
17 01 2015   6.1
18 01 2015   6.1
19 01 2015   6.0
20 01 2015   6.5
21 01 2015   6.7
22 01 2015   6.8
23 01 2015   6.7
24 01 2015   6.3
25 01 2015   6.5
26 01 2015   6.3
27 01 2015   6.3
28 01 2015   6.2
29 01 2015   5.9
30 01 2015   5.7
31 01 2015   5.7
01 02 2015   6.2
02 02 2015   6.3
03 02 2015   6.2
04 02 2015   6.3
05 02 2015   6.4
06 02 2015   6.4
07 02 2015   6.1
08 02 2015   6.1
09 02 2015   6.2
10 02 2015   6.0
11 02 2015   5.3
12 02 2015   5.3
13 02 2015   5.3
14 02 2015   5.9
15 02 2015   6.3
16 02 2015   6.0
17 02 2015   5.8
18 02 2015   5.7
19 02 2015   5.9
20 02 2015   5.8
21 02 2015   5.6
22 02 2015   5.3
23 02 2015   5.8
24 02 2015   6.0
25 02 2015   5.7
26 02 2015   6.0
27 02 2015   5.8
28 02 2015   5.9
01 03 2015   5.9
02 03 2015   6.2
03 03 2015   6.2
04 03 2015   6.1
05 03 2015   6.1
06 03 2015   6.2
07 03 2015   6.1
08 03 2015   6.0
09 03 2015   6.0
10 03 2015   5.9
11 03 2015   5.9
12 03 2015   5.8
13 03 2015   5.9
14 03 2015   6.1
15 03 2015   6.3
16 03 2015   6.4
17 03 2015   6.4
18 03 2015   6.4
19 03 2015   6.4
20 03 2015   6.6
21 03 2015   6.7
22 03 2015   6.9
23 03 2015   6.8
24 03 2015   6.7
25 03 2015   6.7
26 03 2015   6.7
27 03 2015   6.7
28 03 2015   6.5
29 03 2015   6.5
30 03 2015   6.5
31 03 2015   6.3
01 04 2015   6.2
02 04 2015   6.1
03 04 2015   6.2
04 04 2015   6.4
05 04 2015   6.5
06 04 2015   6.6
07 04 2015   6.5
08 04 2015   6.6
09 04 2015   6.4
10 04 2015   6.4
11 04 2015   6.1
12 04 2015   6.1
13 04 2015   6.3
14 04 2015   6.3
15 04 2015   6.5
16 04 2015   6.5
17 04 2015   6.5
18 04 2015   6.7
19 04 2015   6.7
20 04 2015   6.8
21 04 2015   6.7
22 04 2015   6.7
23 04 2015   6.7
24 04 2015   6.7
25 04 2015   6.7
26 04 2015   6.5
27 04 2015   6.4
28 04 2015   6.4
29 04 2015   6.7
30 04 2015   6.7
01 05 2015   6.8
02 05 2015   6.8
03 05 2015   6.7
04 05 2015   6.8
05 05 2015   6.8
06 05 2015   6.8
07 05 2015   6.8
08 05 2015   6.8
09 05 2015   6.9
10 05 2015   6.9
11 05 2015   6.9
12 05 2015   6.9
13 05 2015   7.0
14 05 2015   7.0
15 05 2015   7.0
16 05 2015   7.1
17 05 2015   7.2
18 05 2015   7.2
19 05 2015   7.2
20 05 2015   7.2
21 05 2015   7.3
22 05 2015   7.3
23 05 2015   7.3
24 05 2015   7.3
25 05 2015   7.4
26 05 2015   7.4
27 05 2015   7.5
28 05 2015   7.5
29 05 2015   7.4
30 05 2015   7.5
31 05 2015   7.5
01 06 2015   7.5
02 06 2015   7.6
03 06 2015   7.6
04 06 2015   7.7
05 06 2015   7.8
06 06 2015   7.9
07 06 2015   8.0
08 06 2015   7.9
09 06 2015   7.9
10 06 2015   8.0
11 06 2015   8.0
12 06 2015   8.1
13 06 2015   7.9
14 06 2015   8.0
15 06 2015   8.2
16 06 2015   8.2
17 06 2015   8.1
18 06 2015   8.1
19 06 2015   8.1
20 06 2015   8.2
21 06 2015   8.2
22 06 2015   8.2
23 06 2015   8.3
24 06 2015   8.5
25 06 2015   8.7
26 06 2015   8.7
27 06 2015   8.8
28 06 2015   8.8
29 06 2015   8.8
30 06 2015   8.8
01 07 2015   8.8
02 07 2015   8.8
03 07 2015   8.8
04 07 2015   8.8
05 07 2015   9.0
06 07 2015   8.9
07 07 2015   8.9
08 07 2015   9.0
09 07 2015   9.1
10 07 2015   9.1
11 07 2015   9.2
12 07 2015   9.2
13 07 2015   9.2
14 07 2015   9.3
15 07 2015   9.2
16 07 2015   9.3
17 07 2015   9.5
18 07 2015   9.6
19 07 2015   9.5
20 07 2015   9.4
21 07 2015   9.5
22 07 2015   9.6
23 07 2015   9.5
24 07 2015   9.6
25 07 2015   9.7
26 07 2015   9.7
27 07 2015   9.6
28 07 2015   9.7
29 07 2015   9.8
30 07 2015   9.9
31 07 2015   9.8
01 08 2015   9.9
02 08 2015   9.9
03 08 2015  10.0
04 08 2015  10.1
05 08 2015  10.1
06 08 2015  10.1
07 08 2015  10.2
08 08 2015  10.1
09 08 2015  10.3
10 08 2015  10.3
11 08 2015  10.2
12 08 2015  10.2
13 08 2015  10.0
14 08 2015   9.9
15 08 2015   9.9
16 08 2015   9.9
17 08 2015   9.9
18 08 2015   9.9
19 08 2015   9.9
20 08 2015  10.1
21 08 2015  10.1
22 08 2015  10.3
23 08 2015  10.3
24 08 2015  10.4
25 08 2015  10.5
26 08 2015  10.6
27 08 2015  10.5
28 08 2015  10.6
29 08 2015  10.4
30 08 2015  10.4
31 08 2015  10.4
01 09 2015  10.2
02 09 2015  10.1
03 09 2015  10.2
04 09 2015  10.2
05 09 2015  10.1
06 09 2015  10.3
07 09 2015  10.3
08 09 2015  10.5
09 09 2015  10.3
10 09 2015  10.2
11 09 2015  10.1
12 09 2015  10.2
13 09 2015  10.1
14 09 2015  10.1
15 09 2015  10.0
16 09 2015   9.9
17 09 2015   9.7
18 09 2015   9.8
19 09 2015   9.8
20 09 2015   9.6
21 09 2015   9.8
22 09 2015   9.8
23 09 2015   9.8
24 09 2015   9.8
25 09 2015   9.8
26 09 2015   9.7
27 09 2015   9.6
28 09 2015   9.6
29 09 2015   9.4
30 09 2015   9.3
01 10 2015   9.2
02 10 2015   9.2
03 10 2015   9.2
04 10 2015   9.2
05 10 2015   9.1
06 10 2015   9.1
07 10 2015   9.1
08 10 2015   9.0
09 10 2015   8.8
10 10 2015   8.7
11 10 2015   8.7
12 10 2015   8.8
13 10 2015   8.8
14 10 2015   8.8
15 10 2015   8.7
16 10 2015   8.7
17 10 2015   8.8
18 10 2015   8.7
19 10 2015   8.7
20 10 2015   8.7
21 10 2015   8.6
22 10 2015   8.6
23 10 2015   8.6
24 10 2015   8.3
25 10 2015   8.1
26 10 2015   8.1
27 10 2015   8.1
28 10 2015   8.0
29 10 2015   8.1
30 10 2015   8.1
31 10 2015   8.2
01 11 2015   8.2
02 11 2015   8.2
03 11 2015   8.2
04 11 2015   8.2
05 11 2015   8.0
06 11 2015   8.2
07 11 2015   8.2
08 11 2015   8.2
09 11 2015   8.1
10 11 2015   8.0
11 11 2015   8.0
12 11 2015   8.0
13 11 2015   7.9
14 11 2015   7.7
15 11 2015   7.6
16 11 2015   7.5
17 11 2015   7.5
18 11 2015   7.3
19 11 2015   7.1
20 11 2015   6.6
21 11 2015   7.0
22 11 2015   7.0
23 11 2015   7.1
24 11 2015   7.1
25 11 2015   7.1
26 11 2015   7.1
27 11 2015   6.9
28 11 2015   6.9
29 11 2015   6.8
30 11 2015   6.9
01 12 2015   6.7
02 12 2015   6.9
03 12 2015   6.8
04 12 2015   6.8
05 12 2015   6.5
06 12 2015   6.3
07 12 2015   6.1
08 12 2015   6.7
09 12 2015   6.8
10 12 2015   6.8
11 12 2015   6.8
12 12 2015   6.7
13 12 2015   6.7
14 12 2015   6.7
15 12 2015   6.7
16 12 2015   6.6
17 12 2015   6.5
18 12 2015   6.5
19 12 2015   6.5
20 12 2015   6.7
21 12 2015   6.4
22 12 2015   6.5
23 12 2015   6.4
24 12 2015   6.3
25 12 2015   6.4
26 12 2015   6.1
27 12 2015   6.3
28 12 2015   6.5
29 12 2015   6.5
30 12 2015   6.4
31 12 2015   6.3
01 01 2016   6.3
02 01 2016   6.3
03 01 2016   6.3
04 01 2016   6.1
05 01 2016   6.1
06 01 2016   6.0
07 01 2016   6.5
08 01 2016   6.5
09 01 2016   6.4
10 01 2016   6.3
11 01 2016   6.3
12 01 2016   6.0
13 01 2016   6.2
14 01 2016   6.2
15 01 2016   6.0
16 01 2016   5.8
17 01 2016   5.9
18 01 2016   6.1
19 01 2016   6.3
20 01 2016   6.3
21 01 2016   6.1
22 01 2016   6.4
23 01 2016   6.6
24 01 2016   6.7
25 01 2016   6.7
26 01 2016   6.7
27 01 2016   6.6
28 01 2016   6.6
29 01 2016   6.4
30 01 2016   6.2
31 01 2016   6.2
01 02 2016   6.1
02 02 2016   6.2
03 02 2016   5.9
04 02 2016   5.8
05 02 2016   6.2
06 02 2016   6.0
07 02 2016   6.3
08 02 2016   6.3
09 02 2016   6.3
10 02 2016   6.3
11 02 2016   6.3
12 02 2016   6.3
13 02 2016   6.1
14 02 2016   6.2
15 02 2016   6.1
16 02 2016   6.1
17 02 2016   6.2
18 02 2016   6.1
19 02 2016   6.1
20 02 2016   6.0
21 02 2016   6.0
22 02 2016   6.0
23 02 2016   6.0
24 02 2016   6.0
25 02 2016   5.9
26 02 2016   6.0
27 02 2016   6.2
28 02 2016   6.0
29 02 2016   6.2
01 03 2016   6.3
02 03 2016   6.3
03 03 2016   6.0
04 03 2016   6.2
05 03 2016   6.3
06 03 2016   6.3
07 03 2016   6.3
08 03 2016   6.4
09 03 2016   6.5
10 03 2016   6.4
11 03 2016   6.4
12 03 2016   6.3
13 03 2016   6.4
14 03 2016   6.5
15 03 2016   6.5
16 03 2016   6.5
17 03 2016   6.5
18 03 2016   6.5
19 03 2016   6.6
20 03 2016   6.6
21 03 2016   6.6
22 03 2016   6.6
23 03 2016   6.6
24 03 2016   6.7
25 03 2016   6.5
26 03 2016   6.6
27 03 2016   6.6
28 03 2016   6.5
29 03 2016   6.3
30 03 2016   6.0
31 03 2016   5.9
01 04 2016   6.4
02 04 2016   6.6
03 04 2016   6.6
04 04 2016   6.7
05 04 2016   6.6
06 04 2016   6.7
07 04 2016   6.7
08 04 2016   6.7
09 04 2016   6.7
10 04 2016   6.8
11 04 2016   6.9
12 04 2016   7.0
13 04 2016   7.0
14 04 2016   7.0
15 04 2016   7.0
16 04 2016   7.0
17 04 2016   6.9
18 04 2016   6.8
19 04 2016   6.8
20 04 2016   6.9
21 04 2016   6.9
22 04 2016   6.9
23 04 2016   7.0
24 04 2016   7.0
25 04 2016   7.0
26 04 2016   7.0
27 04 2016   7.1
28 04 2016   6.9
29 04 2016   6.9
30 04 2016   7.0
01 05 2016   7.0
02 05 2016   7.0
03 05 2016   7.0
04 05 2016   7.0
05 05 2016   7.0
06 05 2016   7.0
07 05 2016   7.0
08 05 2016   7.1
09 05 2016   7.2
10 05 2016   7.3
11 05 2016   7.3
12 05 2016   7.3
13 05 2016   7.3
14 05 2016   7.4
15 05 2016   7.4
16 05 2016   7.5
17 05 2016   7.4
18 05 2016   7.3
19 05 2016   7.4
20 05 2016   7.4
21 05 2016   7.4
22 05 2016   7.5
23 05 2016   7.6
24 05 2016   7.6
25 05 2016   7.6
26 05 2016   7.7
27 05 2016   7.7
28 05 2016   7.7
29 05 2016   7.7
30 05 2016   7.7
31 05 2016   7.9
01 06 2016   7.8
02 06 2016   7.8
03 06 2016   7.9
04 06 2016   8.1
05 06 2016   8.0
06 06 2016   8.1
07 06 2016   8.2
08 06 2016   8.2
09 06 2016   8.4
10 06 2016   8.4
11 06 2016   8.5
12 06 2016   8.7
13 06 2016   8.7
14 06 2016   8.8
15 06 2016   9.0
16 06 2016   9.2
17 06 2016   9.2
18 06 2016   9.6
19 06 2016   9.2
20 06 2016   9.2
21 06 2016   9.3
22 06 2016   9.5
23 06 2016   9.7
24 06 2016   9.7
25 06 2016   9.7
26 06 2016   9.6
27 06 2016   9.6
28 06 2016   9.6
29 06 2016   9.6
30 06 2016   9.6
01 07 2016   9.8
02 07 2016   9.7
03 07 2016   9.5
04 07 2016   9.5
05 07 2016   9.5
06 07 2016   9.5
07 07 2016   9.6
08 07 2016   9.9
09 07 2016   9.8
10 07 2016   9.8
11 07 2016  10.1
12 07 2016  10.1
13 07 2016  10.3
14 07 2016  10.3
15 07 2016  10.4
16 07 2016  10.7
17 07 2016  11.1
18 07 2016  11.1
19 07 2016  11.0
20 07 2016  11.3
21 07 2016  11.2
22 07 2016  11.2
23 07 2016  11.1
24 07 2016  11.1
25 07 2016  11.0
26 07 2016  11.1
27 07 2016  11.2
28 07 2016  11.0
29 07 2016  10.8
30 07 2016  10.8
31 07 2016  10.8
01 08 2016  10.8
02 08 2016  10.9
03 08 2016  10.8
04 08 2016  10.9
05 08 2016  10.6
06 08 2016  10.4
07 08 2016  11.1
08 08 2016  11.6
09 08 2016  11.4
10 08 2016  11.2
11 08 2016  11.8
12 08 2016  12.2
13 08 2016  12.1
14 08 2016  12.1
15 08 2016  11.8
16 08 2016  11.7
17 08 2016  11.5
18 08 2016  11.0
19 08 2016  10.8
20 08 2016  10.6
21 08 2016  11.2
22 08 2016  11.7
23 08 2016  12.2
24 08 2016  12.1
25 08 2016  12.2
26 08 2016  12.0
27 08 2016  12.1
28 08 2016  12.0
29 08 2016  12.0
30 08 2016  11.9
31 08 2016  11.9
01 09 2016  11.6
02 09 2016  11.5
03 09 2016  11.6
04 09 2016  11.7
05 09 2016  11.6
06 09 2016  11.7
07 09 2016  11.6
08 09 2016  11.5
09 09 2016  11.5
10 09 2016  11.5
11 09 2016  11.5
12 09 2016  11.5
13 09 2016  11.2
14 09 2016  10.9
15 09 2016  10.9
16 09 2016  10.9
17 09 2016  10.8
18 09 2016  10.6
19 09 2016  10.3
20 09 2016  10.2
21 09 2016  10.4
22 09 2016  10.2
23 09 2016  10.2
24 09 2016  10.2
25 09 2016  10.0
26 09 2016  10.0
27 09 2016  10.1
28 09 2016  10.0
29 09 2016   9.9
30 09 2016   9.8
01 10 2016   9.8
02 10 2016   9.7
03 10 2016   9.7
04 10 2016   9.8
05 10 2016   9.8
06 10 2016   9.8
07 10 2016   9.9
08 10 2016   9.9
09 10 2016   9.8
10 10 2016   9.8
11 10 2016   9.7
12 10 2016   9.8
13 10 2016   9.8
14 10 2016   9.8
15 10 2016   9.7
16 10 2016   9.6
17 10 2016   9.6
18 10 2016   9.5
19 10 2016   9.4
20 10 2016   9.3
21 10 2016   9.2
22 10 2016   9.3
23 10 2016   9.3
24 10 2016   9.3
25 10 2016   9.0
26 10 2016   8.9
27 10 2016   8.9
28 10 2016   8.6
29 10 2016   8.4
30 10 2016   8.4
31 10 2016   8.3
01 11 2016   8.4
02 11 2016   8.4
03 11 2016   8.5
04 11 2016   8.3
05 11 2016   8.2
06 11 2016   8.1
07 11 2016   8.0
08 11 2016   8.0
09 11 2016   7.9
10 11 2016   7.9
11 11 2016   7.7
12 11 2016   7.8
13 11 2016   7.7
14 11 2016   7.6
15 11 2016   7.5
16 11 2016   7.3
17 11 2016   7.3
18 11 2016   7.3
19 11 2016   7.2
20 11 2016   7.2
21 11 2016   7.0
22 11 2016   6.9
23 11 2016   6.9
24 11 2016   7.0
25 11 2016   7.0
26 11 2016   6.7
27 11 2016   7.0
28 11 2016   7.0
29 11 2016   7.0
30 11 2016   6.9
01 12 2016   7.0
02 12 2016   7.0
03 12 2016   7.1
04 12 2016   7.1
05 12 2016   7.1
06 12 2016   7.0
07 12 2016   7.0
08 12 2016   7.1
09 12 2016   7.1
10 12 2016   7.2
11 12 2016   7.2
12 12 2016   7.2
13 12 2016   7.2
14 12 2016   7.3
15 12 2016   7.2
16 12 2016   7.2
17 12 2016   7.2
18 12 2016   7.2
19 12 2016   7.1
20 12 2016   7.1
21 12 2016   6.9
22 12 2016   6.8
23 12 2016   6.4
24 12 2016   6.1
25 12 2016   5.9
26 12 2016   6.0
27 12 2016   6.2
28 12 2016   6.2
29 12 2016   6.3
30 12 2016   6.3
31 12 2016   6.1
01 01 2017   6.2
02 01 2017   6.3
03 01 2017   6.2
04 01 2017   6.1
05 01 2017   6.2
06 01 2017   6.2
07 01 2017   6.1
08 01 2017   6.2
09 01 2017   6.0
10 01 2017   6.1
11 01 2017   6.0
12 01 2017   5.8
13 01 2017   5.9
14 01 2017   5.9
15 01 2017   6.0
16 01 2017   6.1
17 01 2017   5.8
18 01 2017   6.0
19 01 2017   5.6
20 01 2017   6.0
21 01 2017   6.0
22 01 2017   6.0
23 01 2017   6.0
24 01 2017   6.1
25 01 2017   6.0
26 01 2017   6.0
27 01 2017   5.9
28 01 2017   5.9
29 01 2017   5.7
30 01 2017   5.6
31 01 2017   6.0
01 02 2017   6.3
02 02 2017   6.2
03 02 2017   6.2
04 02 2017   6.3
05 02 2017   6.3
06 02 2017   6.2
07 02 2017   6.2
08 02 2017   6.3
09 02 2017   6.5
10 02 2017   6.5
11 02 2017   6.5
12 02 2017   6.5
13 02 2017   6.6
14 02 2017   6.5
15 02 2017   6.5
16 02 2017   6.5
17 02 2017   6.5
18 02 2017   6.5
19 02 2017   6.5
20 02 2017   6.5
21 02 2017   6.3
22 02 2017   6.3
23 02 2017   6.2
24 02 2017   6.0
25 02 2017   6.2
26 02 2017   6.1
27 02 2017   6.2
28 02 2017   6.2
01 03 2017   6.3
02 03 2017   6.3
03 03 2017   6.3
04 03 2017   6.2
05 03 2017   6.1
06 03 2017   6.2
07 03 2017   6.3
08 03 2017   6.3
09 03 2017   6.4
10 03 2017   6.3
11 03 2017   6.4
12 03 2017   6.5
13 03 2017   6.6
14 03 2017   6.5
15 03 2017   6.5
16 03 2017   6.4
17 03 2017   6.4
18 03 2017   6.3
19 03 2017   6.4
20 03 2017   6.3
21 03 2017   6.1
22 03 2017   6.3
23 03 2017   6.3
24 03 2017   6.3
25 03 2017   6.4
26 03 2017   6.5
27 03 2017   6.5
28 03 2017   6.5
29 03 2017   6.4
30 03 2017   6.5
31 03 2017   6.7
01 04 2017   6.8
02 04 2017   6.8
03 04 2017   6.8
04 04 2017   6.7
05 04 2017   6.7
06 04 2017   6.8
07 04 2017   6.8
08 04 2017   6.9
09 04 2017   6.9
10 04 2017   6.7
11 04 2017   6.7
12 04 2017   6.7
13 04 2017   6.7
14 04 2017   6.7
15 04 2017   6.6
16 04 2017   6.7
17 04 2017   6.5
18 04 2017   6.7
19 04 2017   6.7
20 04 2017   6.7
21 04 2017   6.6
22 04 2017   6.7
23 04 2017   6.7
24 04 2017   6.6
25 04 2017   6.6
26 04 2017   6.7
27 04 2017   6.8
28 04 2017   6.8
29 04 2017   6.7
30 04 2017   6.8
01 05 2017   6.9
02 05 2017   7.0
03 05 2017   7.1
04 05 2017   7.1
05 05 2017   7.2
06 05 2017   7.3
07 05 2017   7.3
08 05 2017   7.4
09 05 2017   7.5
10 05 2017   7.4
11 05 2017   7.1
12 05 2017   7.0
13 05 2017   7.2
14 05 2017   7.4
15 05 2017   7.4
16 05 2017   7.4
17 05 2017   7.5
18 05 2017   7.5
19 05 2017   7.4
20 05 2017   7.6
21 05 2017   7.8
22 05 2017   7.8
23 05 2017   7.8
24 05 2017   7.8
25 05 2017   7.8
26 05 2017   7.9
27 05 2017   7.9
28 05 2017   8.0
29 05 2017   8.0
30 05 2017   8.0
31 05 2017   8.0
01 06 2017   8.2
02 06 2017   8.2
03 06 2017   8.2
04 06 2017   8.3
05 06 2017   8.4
06 06 2017   8.5
07 06 2017   8.6
08 06 2017   8.4
09 06 2017   8.6
10 06 2017   8.7
11 06 2017   8.7
12 06 2017   8.9
13 06 2017   8.9
14 06 2017   8.9
15 06 2017   9.1
16 06 2017   9.1
17 06 2017   9.1
18 06 2017   9.2
19 06 2017   9.2
20 06 2017   9.3
21 06 2017   9.2
22 06 2017   9.2
23 06 2017   9.2
24 06 2017   9.2
25 06 2017   9.1
26 06 2017   8.9
27 06 2017   9.0
28 06 2017   9.1
29 06 2017   9.3
30 06 2017   9.2
01 07 2017   9.4
02 07 2017   9.5
03 07 2017   9.6
04 07 2017   9.4
05 07 2017   9.4
06 07 2017   9.5
07 07 2017   9.5
08 07 2017   9.8
09 07 2017   9.9
10 07 2017   9.8
11 07 2017   9.7
12 07 2017   9.8
13 07 2017   9.8
14 07 2017   9.9
15 07 2017   9.7
16 07 2017   9.9
17 07 2017  10.2
18 07 2017   9.9
19 07 2017   9.4
20 07 2017   9.8
21 07 2017   9.7
22 07 2017   9.9
23 07 2017  10.1
24 07 2017   9.9
25 07 2017  10.0
26 07 2017  10.2
27 07 2017  10.5
28 07 2017  10.6
29 07 2017  10.8
30 07 2017  10.5
31 07 2017  10.6
01 08 2017  10.5
02 08 2017  10.5
03 08 2017  10.6
04 08 2017  10.8
05 08 2017  10.8
06 08 2017  10.7
07 08 2017  10.8
08 08 2017  10.6
09 08 2017  10.7
10 08 2017  10.6
11 08 2017  10.6
12 08 2017  10.2
13 08 2017  10.1
14 08 2017  10.4
15 08 2017  10.3
16 08 2017  10.3
17 08 2017  10.6
18 08 2017  10.9
19 08 2017   9.8
20 08 2017   9.7
21 08 2017  10.0
22 08 2017  10.1
23 08 2017  10.9
24 08 2017  11.2
25 08 2017  11.2
26 08 2017  11.2
27 08 2017  11.1
28 08 2017  11.1
29 08 2017  11.2
30 08 2017  11.0
31 08 2017  11.3
01 09 2017  11.4
02 09 2017  11.1
03 09 2017  11.1
04 09 2017  11.0
05 09 2017  10.9
06 09 2017  11.0
07 09 2017  10.8
08 09 2017  10.8
09 09 2017  10.5
10 09 2017  10.7
11 09 2017  10.6
12 09 2017  10.3
13 09 2017  10.5
14 09 2017  10.5
15 09 2017  10.3
16 09 2017  10.2
17 09 2017  10.3
18 09 2017  10.4
19 09 2017  10.2
20 09 2017  10.2
21 09 2017   9.9
22 09 2017   9.7
23 09 2017   9.7
24 09 2017  10.0
25 09 2017  10.1
26 09 2017  10.1
27 09 2017  10.1
28 09 2017  10.1
29 09 2017  10.1
30 09 2017  10.2
01 10 2017  10.3
02 10 2017  10.3
03 10 2017  10.2
04 10 2017  10.1
05 10 2017   9.9
06 10 2017   9.7
07 10 2017   9.6
08 10 2017   9.7
09 10 2017   9.8
10 10 2017   9.8
11 10 2017   9.7
12 10 2017   9.6
13 10 2017   9.6
14 10 2017   9.4
15 10 2017   9.4
16 10 2017   9.3
17 10 2017   9.2
18 10 2017   9.1
19 10 2017   9.1
20 10 2017   9.2
21 10 2017   9.2
22 10 2017   9.1
23 10 2017   9.0
24 10 2017   9.0
25 10 2017   9.1
26 10 2017   9.0
27 10 2017   9.0
28 10 2017   8.9
29 10 2017   8.8
30 10 2017   8.9
31 10 2017   8.8
01 11 2017   8.6
02 11 2017   8.5
03 11 2017   8.5
04 11 2017   8.4
05 11 2017   8.1
06 11 2017   8.1
07 11 2017   8.0
08 11 2017   8.0
09 11 2017   7.9
10 11 2017   7.8
11 11 2017   7.6
12 11 2017   7.4
13 11 2017   7.4
14 11 2017   7.3
15 11 2017   7.3
16 11 2017   7.0
17 11 2017   7.0
18 11 2017   7.2
19 11 2017   7.1
20 11 2017   7.0
21 11 2017   7.1
22 11 2017   6.9
23 11 2017   6.5
24 11 2017   6.1
25 11 2017   6.0
26 11 2017   6.0
27 11 2017   6.1
28 11 2017   6.1
29 11 2017   6.2
30 11 2017   6.2
01 12 2017   6.3
02 12 2017   6.3
03 12 2017   6.2
04 12 2017   6.3
05 12 2017   6.3
06 12 2017   6.3
07 12 2017   5.9
08 12 2017   6.0
09 12 2017   5.9
10 12 2017   5.9
11 12 2017   5.6
12 12 2017   5.7
13 12 2017   5.8
14 12 2017   6.1
15 12 2017   5.9
16 12 2017   5.8
17 12 2017   6.2
18 12 2017   6.2
19 12 2017   6.2
20 12 2017   6.2
21 12 2017   6.0
22 12 2017   6.0
23 12 2017   6.0
24 12 2017   5.8
25 12 2017   5.8
26 12 2017   5.8
27 12 2017   5.8
28 12 2017   5.8
29 12 2017   5.2
30 12 2017   5.2
31 12 2017   5.6
01 01 2018   5.8
02 01 2018   5.6
03 01 2018   5.5
04 01 2018   5.5
05 01 2018   5.7
06 01 2018   5.9
07 01 2018   6.0
08 01 2018   6.0
09 01 2018   6.1
10 01 2018   6.3
11 01 2018   6.2
12 01 2018   6.4
13 01 2018   6.4
14 01 2018   6.3
15 01 2018   6.0
16 01 2018   5.8
17 01 2018   5.6
18 01 2018   5.6
19 01 2018   5.7
20 01 2018   5.7
21 01 2018   5.6
22 01 2018   5.7
23 01 2018   6.3
24 01 2018   6.1
25 01 2018   6.4
26 01 2018   6.2
27 01 2018   6.5
28 01 2018   6.6
29 01 2018   6.7
30 01 2018   6.5
31 01 2018   6.5
01 02 2018   6.3
02 02 2018   6.4
03 02 2018   6.4
04 02 2018   6.5
05 02 2018   6.5
06 02 2018   6.1
07 02 2018   6.0
08 02 2018   5.9
09 02 2018   5.7
10 02 2018   5.4
11 02 2018   4.9
12 02 2018   4.8
13 02 2018   5.0
14 02 2018   5.0
15 02 2018   5.3
16 02 2018   5.5
17 02 2018   5.7
18 02 2018   5.5
19 02 2018   5.8
20 02 2018   6.0
21 02 2018   6.2
22 02 2018   6.2
23 02 2018   6.1
24 02 2018   6.3
25 02 2018   6.3
26 02 2018   6.4
27 02 2018   6.6
28 02 2018   6.7
01 03 2018   6.6
02 03 2018   6.6
03 03 2018   6.6
04 03 2018   6.4
05 03 2018   6.2
06 03 2018   6.0
07 03 2018   5.9
08 03 2018   5.9
09 03 2018   5.9
10 03 2018   5.8
11 03 2018   5.8
12 03 2018   5.8
13 03 2018   5.5
14 03 2018   5.7
15 03 2018   5.9
16 03 2018   6.2
17 03 2018   6.4
18 03 2018   6.5
19 03 2018   6.7
20 03 2018   6.8
21 03 2018   6.8
22 03 2018   6.8
23 03 2018   6.8
24 03 2018   6.8
25 03 2018   6.7
26 03 2018   6.5
27 03 2018   6.4
28 03 2018   6.5
29 03 2018   6.8
30 03 2018   6.8
31 03 2018   6.8
01 04 2018   6.8
02 04 2018   6.9
03 04 2018   6.7
04 04 2018   6.7
05 04 2018   6.6
06 04 2018   6.6
07 04 2018   6.7
08 04 2018   6.6
09 04 2018   6.3
10 04 2018   6.3
11 04 2018   6.6
12 04 2018   6.7
13 04 2018   6.7
14 04 2018   6.8
15 04 2018   6.9
16 04 2018   7.0
17 04 2018   7.1
18 04 2018   7.2
19 04 2018   7.3
20 04 2018   7.3
21 04 2018   7.4
22 04 2018   7.4
23 04 2018   7.4
24 04 2018   7.5
25 04 2018   7.5
26 04 2018   7.5
27 04 2018   7.5
28 04 2018   7.6
29 04 2018   7.5
30 04 2018   7.5
01 05 2018   7.5
02 05 2018   7.5
03 05 2018   7.5
04 05 2018   7.4
05 05 2018   7.3
06 05 2018   7.2
07 05 2018   7.2
08 05 2018   7.3
09 05 2018   7.3
10 05 2018   7.3
11 05 2018   7.4
12 05 2018   7.5
13 05 2018   7.6
14 05 2018   7.5
15 05 2018   7.6
16 05 2018   7.6
17 05 2018   7.6
18 05 2018   7.6
19 05 2018   7.5
20 05 2018   7.4
21 05 2018   7.5
22 05 2018   7.5
23 05 2018   7.5
24 05 2018   7.6
25 05 2018   7.6
26 05 2018   7.6
27 05 2018   7.6
28 05 2018   7.7
29 05 2018   7.8
30 05 2018   7.7
31 05 2018   7.8
01 06 2018   7.9
02 06 2018   8.0
03 06 2018   8.0
04 06 2018   8.1
05 06 2018   8.0
06 06 2018   8.0
07 06 2018   8.1
08 06 2018   8.3
09 06 2018   8.2
10 06 2018   8.2
11 06 2018   8.4
12 06 2018   8.3
13 06 2018   8.2
14 06 2018   8.3
15 06 2018   8.3
16 06 2018   8.2
17 06 2018   8.3
18 06 2018   8.5
19 06 2018   8.7
20 06 2018   8.5
21 06 2018   8.6
22 06 2018   8.6
23 06 2018   8.7
24 06 2018   8.3
25 06 2018   8.3
26 06 2018   8.5
27 06 2018   8.4
28 06 2018   8.4
29 06 2018   8.3
30 06 2018   8.3
01 07 2018   8.4
02 07 2018   8.4
03 07 2018   8.4
04 07 2018   8.4
05 07 2018   8.6
06 07 2018   8.7
07 07 2018   8.7
08 07 2018   8.9
09 07 2018   8.7
10 07 2018   8.9
11 07 2018   8.9
12 07 2018   8.6
13 07 2018   8.4
14 07 2018   8.6
15 07 2018   8.5
16 07 2018   8.7
17 07 2018   8.8
18 07 2018   8.8
19 07 2018   8.8
20 07 2018   9.0
21 07 2018   9.0
22 07 2018   9.3
23 07 2018   9.3
24 07 2018   9.3
25 07 2018   9.3
26 07 2018   9.3
27 07 2018   9.2
28 07 2018   9.4
29 07 2018   9.7
30 07 2018  10.1
31 07 2018  10.1
01 08 2018  10.2
02 08 2018  10.3
03 08 2018  10.3
04 08 2018  10.2
05 08 2018  10.5
06 08 2018  10.5
07 08 2018  10.6
08 08 2018  10.5
09 08 2018  10.5
10 08 2018  10.5
11 08 2018  10.4
12 08 2018  10.4
13 08 2018  10.3
14 08 2018  10.4
15 08 2018  10.4
16 08 2018  10.6
17 08 2018  10.6
18 08 2018  10.8
19 08 2018  10.6
20 08 2018  10.7
21 08 2018  10.8
22 08 2018  11.0
23 08 2018  11.0
24 08 2018  10.8
25 08 2018  10.6
26 08 2018  10.7
27 08 2018  10.7
28 08 2018  10.7
29 08 2018  10.7
30 08 2018  10.6
31 08 2018  10.5
01 09 2018  10.4
02 09 2018  10.4
03 09 2018  10.4
04 09 2018  10.4
05 09 2018  10.6
06 09 2018  10.5
07 09 2018  10.3
08 09 2018  10.3
09 09 2018  10.3
10 09 2018  10.2
11 09 2018   9.9
12 09 2018   9.9
13 09 2018   9.9
14 09 2018   9.9
15 09 2018   9.9
16 09 2018   9.8
17 09 2018   9.9
18 09 2018  10.0
19 09 2018  10.0
20 09 2018   9.8
21 09 2018   9.6
22 09 2018   9.4
23 09 2018   9.4
24 09 2018   9.4
25 09 2018   9.2
26 09 2018   9.1
27 09 2018   9.1
28 09 2018   9.0
29 09 2018   9.0
30 09 2018   8.8
01 10 2018   8.6
02 10 2018   8.5
03 10 2018   8.5
04 10 2018   8.4
05 10 2018   8.4
06 10 2018   8.2
07 10 2018   8.1
08 10 2018   8.0
09 10 2018   8.0
10 10 2018   8.0
11 10 2018   7.9
12 10 2018   7.9
13 10 2018   7.9
14 10 2018   7.8
15 10 2018   7.9
16 10 2018   7.8
17 10 2018   7.8
18 10 2018   7.7
19 10 2018   7.8
20 10 2018   7.8
21 10 2018   7.6
22 10 2018   7.5
23 10 2018   7.5
24 10 2018   7.6
25 10 2018   7.3
26 10 2018   7.3
27 10 2018   7.3
28 10 2018   7.4
29 10 2018   7.4
30 10 2018   7.3
31 10 2018   7.3
01 11 2018   7.0
02 11 2018   6.8
03 11 2018   7.0
04 11 2018   7.0
05 11 2018   6.8
06 11 2018   6.6
07 11 2018   6.9
08 11 2018   7.0
09 11 2018   7.0
10 11 2018   7.0
11 11 2018   7.1
12 11 2018   7.1
13 11 2018   7.0
14 11 2018   7.0
15 11 2018   6.9
16 11 2018   6.9
17 11 2018   7.1
18 11 2018   7.3
19 11 2018   7.3
20 11 2018   7.3
21 11 2018   7.4
22 11 2018   7.3
23 11 2018   7.2
24 11 2018   7.3
25 11 2018   7.0
26 11 2018   7.1
27 11 2018   7.0
28 11 2018   6.9
29 11 2018   7.0
30 11 2018   7.1
01 12 2018   6.8
02 12 2018   6.7
03 12 2018   6.0
04 12 2018   6.1
05 12 2018   6.0
06 12 2018   6.1
07 12 2018   6.5
08 12 2018   6.5
09 12 2018   6.1
10 12 2018   6.0
11 12 2018   6.4
12 12 2018   6.6
13 12 2018   6.6
14 12 2018   6.9
15 12 2018   7.1
16 12 2018   7.2
17 12 2018   7.0
18 12 2018   7.3
19 12 2018   7.3
20 12 2018   7.3
21 12 2018   7.1
22 12 2018   7.2
23 12 2018   7.2
24 12 2018   7.3
25 12 2018   7.2
26 12 2018   7.3
27 12 2018   7.3
28 12 2018   7.3
29 12 2018   7.2
30 12 2018   7.0
31 12 2018   7.0
01 01 2019   6.6
02 01 2019   7.0
03 01 2019   7.1
04 01 2019   7.2
05 01 2019   7.3
06 01 2019   7.1
07 01 2019   6.9
08 01 2019   6.8
09 01 2019   7.0
10 01 2019   7.1
11 01 2019   7.1
12 01 2019   7.2
13 01 2019   7.0
14 01 2019   6.8
15 01 2019   6.8
16 01 2019   6.9
17 01 2019   6.7
18 01 2019   6.5
19 01 2019   6.7
20 01 2019   6.6
21 01 2019   6.7
22 01 2019   6.7
23 01 2019   6.8
24 01 2019   6.6
25 01 2019   6.7
26 01 2019   6.6
27 01 2019   6.4
28 01 2019   6.3
29 01 2019   6.3
30 01 2019   6.0
31 01 2019   6.2
01 02 2019   5.9
02 02 2019   5.4
03 02 2019   5.3
04 02 2019   5.8
05 02 2019   5.8
06 02 2019   6.0
07 02 2019   6.3
08 02 2019   6.1
09 02 2019   6.2
10 02 2019   6.2
11 02 2019   6.0
12 02 2019   6.4
13 02 2019   6.4
14 02 2019   6.2
15 02 2019   6.3
16 02 2019   6.2
17 02 2019   6.1
18 02 2019   6.2
19 02 2019   6.1
20 02 2019   6.2
21 02 2019   6.5
22 02 2019   6.7
23 02 2019   6.8
24 02 2019   6.7
25 02 2019   6.7
26 02 2019   6.8
27 02 2019   6.8
28 02 2019   6.7
01 03 2019   6.8
02 03 2019   6.9
03 03 2019   6.9
04 03 2019   6.8
05 03 2019   6.8
06 03 2019   6.8
07 03 2019   6.7
08 03 2019   6.3
09 03 2019   6.3
10 03 2019   6.5
11 03 2019   6.4
12 03 2019   6.5
13 03 2019   6.7
14 03 2019   6.6
15 03 2019   6.5
16 03 2019   6.6
17 03 2019   6.7
18 03 2019   6.6
19 03 2019   6.7
20 03 2019   6.6
21 03 2019   6.5
22 03 2019   6.2
23 03 2019   6.2
24 03 2019   6.3
25 03 2019   6.3
26 03 2019   6.5
27 03 2019   6.5
28 03 2019   6.4
29 03 2019   6.2
30 03 2019   5.8
31 03 2019   6.2
01 04 2019   6.1
02 04 2019   5.9
03 04 2019   6.0
04 04 2019   6.3
05 04 2019   6.3
06 04 2019   6.3
07 04 2019   6.2
08 04 2019   6.2
09 04 2019   6.4
10 04 2019   6.5
11 04 2019   6.6
12 04 2019   6.8
13 04 2019   7.1
14 04 2019   7.3
15 04 2019   7.4
16 04 2019   7.4
17 04 2019   7.5
18 04 2019   7.5
19 04 2019   7.5
20 04 2019   7.5
21 04 2019   7.5
22 04 2019   7.6
23 04 2019   7.6
24 04 2019   7.6
25 04 2019   7.6
26 04 2019   7.7
27 04 2019   7.7
28 04 2019   7.7
29 04 2019   7.7
30 04 2019   7.7
01 05 2019   7.7
02 05 2019   7.7
03 05 2019   7.7
04 05 2019   7.7
05 05 2019   7.8
06 05 2019   7.8
07 05 2019   7.8
08 05 2019   7.8
09 05 2019   7.8
10 05 2019   7.8
11 05 2019   7.8
12 05 2019   7.7
13 05 2019   7.6
14 05 2019   7.7
15 05 2019   7.8
16 05 2019   7.8
17 05 2019   7.9
18 05 2019   7.9
19 05 2019   7.9
20 05 2019   7.9
21 05 2019   8.0
22 05 2019   8.0
23 05 2019   8.1
24 05 2019   8.2
25 05 2019   8.2
26 05 2019   8.4
27 05 2019   8.3
28 05 2019   8.4
29 05 2019   8.4
30 05 2019   8.5
31 05 2019   8.8
01 06 2019   8.8
02 06 2019   8.7
03 06 2019   8.7
04 06 2019   8.7
05 06 2019   8.7
06 06 2019   8.8
07 06 2019   8.8
08 06 2019   8.8
09 06 2019   9.0
10 06 2019   9.0
11 06 2019   9.1
12 06 2019   9.1
13 06 2019   9.4
14 06 2019   9.3
15 06 2019   9.1
16 06 2019   9.1
17 06 2019   9.2
18 06 2019   9.3
19 06 2019   9.3
20 06 2019   9.4
21 06 2019   9.2
22 06 2019   9.4
23 06 2019   9.4
24 06 2019   9.6
25 06 2019  10.0
26 06 2019   9.7
27 06 2019   9.7
28 06 2019   9.7
29 06 2019   9.7
30 06 2019   9.7
01 07 2019   9.8
02 07 2019   9.7
03 07 2019   9.7
04 07 2019   9.6
05 07 2019   9.6
06 07 2019   9.5
07 07 2019   9.6
08 07 2019   9.8
09 07 2019  10.1
10 07 2019  10.2
11 07 2019  10.4
12 07 2019  10.6
13 07 2019  10.5
14 07 2019  10.5
15 07 2019  10.5
16 07 2019  10.6
17 07 2019  10.6
18 07 2019  10.8
19 07 2019  10.6
20 07 2019  10.8
21 07 2019  10.7
22 07 2019  10.7
23 07 2019  10.9
24 07 2019  11.1
25 07 2019  11.0
26 07 2019  11.0
27 07 2019  11.3
28 07 2019  11.8
29 07 2019  12.1
30 07 2019  11.9
31 07 2019  11.8
01 08 2019  11.8
02 08 2019  11.6
03 08 2019  11.6
04 08 2019  11.6
05 08 2019  11.6
06 08 2019  11.5
07 08 2019  11.5
08 08 2019  11.6
09 08 2019  11.6
10 08 2019  11.9
11 08 2019  11.8
12 08 2019  11.4
13 08 2019  11.3
14 08 2019  11.2
15 08 2019  11.2
16 08 2019  11.2
17 08 2019  11.2
18 08 2019  11.0
19 08 2019  11.0
20 08 2019  11.2
21 08 2019  11.2
22 08 2019  11.4
23 08 2019  11.3
24 08 2019  11.3
25 08 2019  11.4
26 08 2019  11.3
27 08 2019  11.2
28 08 2019  11.2
29 08 2019  11.2
30 08 2019  11.2
31 08 2019  11.1
01 09 2019  11.0
02 09 2019  10.9
03 09 2019  10.7
04 09 2019  10.7
05 09 2019  10.7
06 09 2019  10.9
07 09 2019  11.0
08 09 2019  11.0
09 09 2019  11.1
10 09 2019  11.0
11 09 2019  11.0
12 09 2019  10.9
13 09 2019  10.8
14 09 2019  10.6
15 09 2019  10.4
16 09 2019  10.1
17 09 2019  10.2
18 09 2019  10.2
19 09 2019  10.1
20 09 2019  10.1
21 09 2019  10.1
22 09 2019  10.2
23 09 2019  10.1
24 09 2019  10.1
25 09 2019  10.1
26 09 2019  10.1
27 09 2019  10.0
28 09 2019  10.0
29 09 2019  10.0
30 09 2019  10.0
01 10 2019  10.0
02 10 2019   9.9
03 10 2019   9.7
04 10 2019   9.6
05 10 2019   9.7
06 10 2019   9.8
07 10 2019   9.8
08 10 2019   9.8
09 10 2019   9.8
10 10 2019   9.6
11 10 2019   9.6
12 10 2019   9.6
13 10 2019   9.6
14 10 2019   9.3
15 10 2019   9.3
16 10 2019   9.4
17 10 2019   9.5
18 10 2019   9.4
19 10 2019   9.4
20 10 2019   9.4
21 10 2019   9.5
22 10 2019   9.2
23 10 2019   8.9
24 10 2019   8.2
25 10 2019   8.2
26 10 2019   7.9
27 10 2019   8.2
28 10 2019   8.2
29 10 2019   8.2
30 10 2019   8.3
31 10 2019   8.3
01 11 2019   8.2
02 11 2019   7.9
03 11 2019   7.7
04 11 2019   7.7
05 11 2019   7.8
06 11 2019   7.4
07 11 2019   7.6
08 11 2019   7.3
09 11 2019   7.6
10 11 2019   7.7
11 11 2019   7.8
12 11 2019   7.8
13 11 2019   7.8
14 11 2019   7.7
15 11 2019   7.5
16 11 2019   7.6
17 11 2019   7.6
18 11 2019   7.3
19 11 2019   7.5
20 11 2019   7.5
21 11 2019   7.6
22 11 2019   7.6
23 11 2019   7.7
24 11 2019   7.6
25 11 2019   7.6
26 11 2019   7.5
27 11 2019   7.5
28 11 2019   7.6
29 11 2019   7.5
30 11 2019   7.5
01 12 2019   7.5
02 12 2019   7.5
03 12 2019   7.6
04 12 2019   7.7
05 12 2019   7.3
06 12 2019   7.3
07 12 2019   6.8
08 12 2019   6.9
09 12 2019   6.9
10 12 2019   7.2
11 12 2019   6.6
12 12 2019   6.5
13 12 2019   6.7
14 12 2019   6.7
15 12 2019   6.7
16 12 2019   6.7
17 12 2019   6.6
18 12 2019   6.7
19 12 2019   6.6
20 12 2019   6.4
21 12 2019   6.6
22 12 2019   6.7
23 12 2019   6.8
24 12 2019   6.8
25 12 2019   6.8
26 12 2019   6.7
27 12 2019   6.9
28 12 2019   7.0
29 12 2019   6.9
30 12 2019   6.9
31 12 2019   6.9
01 01 2020   6.9
02 01 2020   6.6
03 01 2020   6.2
04 01 2020   5.9
05 01 2020   6.3
06 01 2020   6.4
07 01 2020   6.4
08 01 2020   6.0
09 01 2020   5.7
10 01 2020   5.6
11 01 2020   6.0
12 01 2020   5.9
13 01 2020   5.8
14 01 2020   5.6
15 01 2020   5.6
16 01 2020   5.8
17 01 2020   5.9
18 01 2020   5.8
19 01 2020   5.9
20 01 2020   6.0
21 01 2020   5.8
22 01 2020   6.0
23 01 2020   5.8
24 01 2020   5.3
25 01 2020   5.2
26 01 2020   5.5
27 01 2020   5.7
28 01 2020   5.6
29 01 2020   5.7
30 01 2020   5.7
31 01 2020   5.5
01 02 2020   5.7
02 02 2020   5.6
03 02 2020   5.5
04 02 2020   5.6
05 02 2020   5.9
06 02 2020   6.1
07 02 2020   6.3
08 02 2020   6.3
09 02 2020   6.3
10 02 2020   6.1
11 02 2020   5.9
12 02 2020   6.0
13 02 2020   5.8
14 02 2020   5.9
15 02 2020   6.4
16 02 2020   6.3
17 02 2020   6.5
18 02 2020   6.7
19 02 2020   6.5
20 02 2020   6.4
21 02 2020   6.4
22 02 2020   6.5
23 02 2020   6.4
24 02 2020   6.5
25 02 2020   6.6
26 02 2020   6.6
27 02 2020   6.1
28 02 2020   6.2
29 02 2020   6.5
01 03 2020   6.3
02 03 2020   6.4
03 03 2020   6.3
04 03 2020   6.5
05 03 2020   6.5
06 03 2020   6.5
07 03 2020   6.1
08 03 2020   6.5
09 03 2020   6.4
10 03 2020   6.3
11 03 2020   6.5
12 03 2020   6.6
13 03 2020   6.7
14 03 2020   6.7
15 03 2020   6.6
16 03 2020   6.5
17 03 2020   6.6
18 03 2020   6.5
19 03 2020   6.5
20 03 2020   6.5
21 03 2020   6.5
22 03 2020   6.5
23 03 2020   6.4
24 03 2020   6.4
25 03 2020   6.5
26 03 2020   6.4
27 03 2020   6.2
28 03 2020   6.2
29 03 2020   6.3
30 03 2020   6.4
31 03 2020   6.3
01 04 2020   6.0
02 04 2020   5.6
03 04 2020   5.8
04 04 2020   5.3
05 04 2020   6.0
06 04 2020   6.2
07 04 2020   6.1
08 04 2020   6.2
09 04 2020   6.2
10 04 2020   6.2
11 04 2020   6.3
12 04 2020   6.4
13 04 2020   6.5
14 04 2020   6.6
15 04 2020   6.6
16 04 2020   6.5
17 04 2020   6.5
18 04 2020   6.5
19 04 2020   6.6
20 04 2020   6.7
21 04 2020   6.8
22 04 2020   6.8
23 04 2020   6.9
24 04 2020   6.9
25 04 2020   7.0
26 04 2020   7.0
27 04 2020   7.1
28 04 2020   7.1
29 04 2020   7.2
30 04 2020   7.3
01 05 2020   7.3
02 05 2020   7.3
03 05 2020   7.4
04 05 2020   7.3
05 05 2020   7.3
06 05 2020   7.5
07 05 2020   7.4
08 05 2020   7.5
09 05 2020   7.5
10 05 2020   7.4
11 05 2020   7.5
12 05 2020   7.5
13 05 2020   7.5
14 05 2020   7.5
15 05 2020   7.6
16 05 2020   7.6
17 05 2020   7.6
18 05 2020   7.5
19 05 2020   7.5
20 05 2020   7.6
21 05 2020   7.7
22 05 2020   7.8
23 05 2020   7.9
24 05 2020   8.0
25 05 2020   7.9
26 05 2020   7.9
27 05 2020   8.0
28 05 2020   8.0
29 05 2020   8.0
30 05 2020   8.0
31 05 2020   8.1
01 06 2020   8.2
02 06 2020   8.2
03 06 2020   8.4
04 06 2020   8.3
05 06 2020   8.4
06 06 2020   8.2
07 06 2020   8.2
08 06 2020   8.2
09 06 2020   8.2
10 06 2020   8.4
11 06 2020   8.4
12 06 2020   8.4
13 06 2020   8.5
14 06 2020   8.6
15 06 2020   8.5
16 06 2020   8.6
17 06 2020   8.8
18 06 2020   8.7
19 06 2020   8.8
20 06 2020   8.9
21 06 2020   9.5
22 06 2020   9.6
23 06 2020   9.5
24 06 2020   9.5
25 06 2020   9.6
26 06 2020   9.6
27 06 2020   9.6
28 06 2020   9.6
29 06 2020   9.6
30 06 2020   9.7
01 07 2020   9.7
02 07 2020   9.7
03 07 2020   9.8
04 07 2020   9.8
05 07 2020  10.0
06 07 2020  10.1
07 07 2020  10.1
08 07 2020  10.1
09 07 2020  10.2
10 07 2020  10.1
11 07 2020  10.1
12 07 2020  10.2
13 07 2020  10.2
14 07 2020  10.4
15 07 2020  10.2
16 07 2020   9.9
17 07 2020  10.5
18 07 2020  10.2
19 07 2020   9.6
20 07 2020   9.4
21 07 2020   9.5
22 07 2020   9.4
23 07 2020   9.4
24 07 2020   9.3
25 07 2020   9.2
26 07 2020   9.3
27 07 2020   9.3
28 07 2020   9.4
29 07 2020   9.7
30 07 2020  10.1
31 07 2020  10.3
01 08 2020  11.0
02 08 2020  10.6
03 08 2020  10.6
04 08 2020  10.5
05 08 2020  10.5
06 08 2020  10.6
07 08 2020  10.5
08 08 2020  10.5
09 08 2020  10.4
10 08 2020  10.3
11 08 2020  10.3
12 08 2020  10.3
13 08 2020  10.3
14 08 2020  10.4
15 08 2020  10.4
16 08 2020  10.4
17 08 2020  10.2
18 08 2020  10.3
19 08 2020  10.6
20 08 2020  10.6
21 08 2020  10.8
22 08 2020  10.7
23 08 2020  10.6
24 08 2020  10.5
25 08 2020  10.6
26 08 2020  10.7
27 08 2020  10.8
28 08 2020  10.8
29 08 2020  10.8
30 08 2020  10.8
31 08 2020  10.6
01 09 2020  10.7
02 09 2020  10.9
03 09 2020  10.8
04 09 2020  10.3
05 09 2020   9.8
06 09 2020   9.8
07 09 2020   9.8
08 09 2020   9.8
09 09 2020   9.8
10 09 2020   9.7
11 09 2020   9.8
12 09 2020   9.8
13 09 2020   9.7
14 09 2020   9.6
15 09 2020   9.8
16 09 2020   9.7
17 09 2020   9.6
18 09 2020   9.6
19 09 2020   9.5
20 09 2020   9.4
21 09 2020   9.4
22 09 2020   9.2
23 09 2020   9.3
24 09 2020   9.1
25 09 2020   8.9
26 09 2020   8.8
27 09 2020   8.9
28 09 2020   8.9
29 09 2020   9.0
30 09 2020   9.0
01 10 2020   9.0
02 10 2020   8.9
03 10 2020   8.9
04 10 2020   8.8
05 10 2020   8.6
06 10 2020   8.6
07 10 2020   8.6
08 10 2020   8.6
09 10 2020   8.5
10 10 2020   8.6
11 10 2020   8.5
12 10 2020   8.5
13 10 2020   8.5
14 10 2020   8.5
15 10 2020   8.4
16 10 2020   8.3
17 10 2020   8.3
18 10 2020   8.2
19 10 2020   8.1
20 10 2020   8.1
21 10 2020   8.1
22 10 2020   7.8
23 10 2020   7.9
24 10 2020   8.0
25 10 2020   8.1
26 10 2020   8.1
27 10 2020   7.8
28 10 2020   7.7
29 10 2020   7.7
30 10 2020   7.8
31 10 2020   8.0
01 11 2020   7.9
02 11 2020   7.8
03 11 2020   7.7
04 11 2020   7.8
05 11 2020   7.8
06 11 2020   7.7
07 11 2020   7.5
08 11 2020   7.6
09 11 2020   7.4
10 11 2020   7.7
11 11 2020   7.7
12 11 2020   7.4
13 11 2020   7.5
14 11 2020   7.5
15 11 2020   7.5
16 11 2020   7.6
17 11 2020   7.5
18 11 2020   7.5
19 11 2020   7.0
20 11 2020   7.0
21 11 2020   7.0
22 11 2020   7.0
23 11 2020   7.1
24 11 2020   7.2
25 11 2020   7.1
26 11 2020   6.9
27 11 2020   6.8
28 11 2020   6.9
29 11 2020   7.0
30 11 2020   6.7
01 12 2020   6.8
02 12 2020   6.9
03 12 2020   6.1
04 12 2020   6.1
05 12 2020   6.2
06 12 2020   5.7
07 12 2020   5.9
08 12 2020   6.2
09 12 2020   6.3
10 12 2020   6.6
11 12 2020   6.6
12 12 2020   6.8
13 12 2020   6.9
14 12 2020   7.0
15 12 2020   7.1
16 12 2020   6.9
17 12 2020   6.9
18 12 2020   6.7
19 12 2020   6.7
20 12 2020   6.5
21 12 2020   6.6
22 12 2020   6.3
23 12 2020   5.9
24 12 2020   6.4
25 12 2020   6.6
26 12 2020   6.4
27 12 2020   6.0
28 12 2020   6.3
29 12 2020   6.4
30 12 2020   6.4
31 12 2020   6.4
01 01 2021   6.4
02 01 2021   6.4
03 01 2021   6.6
04 01 2021   6.6
05 01 2021   6.7
06 01 2021   6.5
07 01 2021   6.2
08 01 2021   6.3
09 01 2021   5.9
10 01 2021   5.6
11 01 2021   5.7
12 01 2021   5.8
13 01 2021   6.1
14 01 2021   6.5
15 01 2021   6.5
16 01 2021   6.5
17 01 2021   6.4
18 01 2021   6.4
19 01 2021   6.4
20 01 2021   6.2
21 01 2021   6.3
22 01 2021   5.6
23 01 2021   6.2
24 01 2021   6.0
25 01 2021   5.6
26 01 2021   5.2
27 01 2021   5.5
28 01 2021   5.9
29 01 2021   6.1
30 01 2021   6.3
31 01 2021   6.1
01 02 2021   5.8
02 02 2021   5.8
03 02 2021   6.0
04 02 2021   6.1
05 02 2021   6.2
06 02 2021   6.2
07 02 2021   6.1
08 02 2021   6.1
09 02 2021   6.3
10 02 2021   6.5
11 02 2021   6.5
12 02 2021   6.1
13 02 2021   6.5
14 02 2021   6.8
15 02 2021   7.0
16 02 2021   7.0
17 02 2021   7.0
18 02 2021   7.0
19 02 2021   6.9
20 02 2021   6.9
21 02 2021   6.7
22 02 2021   6.6
23 02 2021   6.6
24 02 2021   6.6
25 02 2021   6.7
26 02 2021   6.8
27 02 2021   6.9
28 02 2021   6.8
01 03 2021   6.9
02 03 2021   6.9
03 03 2021   6.8
04 03 2021   6.7
05 03 2021   6.8
06 03 2021   6.9
07 03 2021   6.9
08 03 2021   6.8
09 03 2021   6.9
10 03 2021   6.8
11 03 2021   6.6
12 03 2021   6.6
13 03 2021   6.7
14 03 2021   6.7
15 03 2021   6.5
16 03 2021   6.8
17 03 2021   6.9
18 03 2021   7.0
19 03 2021   7.0
20 03 2021   7.0
21 03 2021   7.0
22 03 2021   7.0
23 03 2021   6.7
24 03 2021   6.5
25 03 2021   6.7
26 03 2021   6.7
27 03 2021   6.3
28 03 2021   6.4
29 03 2021   6.6
30 03 2021   6.6
31 03 2021   6.6
01 04 2021   6.7
02 04 2021   6.7
03 04 2021   6.8
04 04 2021   6.5
05 04 2021   6.1
06 04 2021   6.3
07 04 2021   6.3
08 04 2021   6.1
09 04 2021   5.9
10 04 2021   6.2
11 04 2021   6.3
12 04 2021   6.4
13 04 2021   6.6
14 04 2021   6.7
15 04 2021   6.8
16 04 2021   6.9
17 04 2021   6.9
18 04 2021   6.8
19 04 2021   6.8
20 04 2021   6.7
21 04 2021   6.8
22 04 2021   6.8
23 04 2021   6.9
24 04 2021   6.9
25 04 2021   6.9
26 04 2021   6.9
27 04 2021   7.1
28 04 2021   7.1
29 04 2021   7.2
30 04 2021   7.1
01 05 2021   7.1
02 05 2021   7.0
03 05 2021   7.1
04 05 2021   7.2
05 05 2021   7.2
06 05 2021   7.3
07 05 2021   7.3
08 05 2021   7.2
09 05 2021   7.2
10 05 2021   7.3
11 05 2021   7.3
12 05 2021   7.4
13 05 2021   7.4
14 05 2021   7.5
15 05 2021   7.4
16 05 2021   7.4
17 05 2021   7.5
18 05 2021   7.5
19 05 2021   7.5
20 05 2021   7.5
21 05 2021   7.5
22 05 2021   7.6
23 05 2021   7.6
24 05 2021   7.6
25 05 2021   7.7
26 05 2021   7.8
27 05 2021   7.8
28 05 2021   7.8
29 05 2021   7.9
30 05 2021   8.0
31 05 2021   8.0
01 06 2021   8.1
02 06 2021   8.1
03 06 2021   8.3
04 06 2021   8.3
05 06 2021   8.2
06 06 2021   8.2
07 06 2021   8.3
08 06 2021   8.4
09 06 2021   8.5
10 06 2021   8.4
11 06 2021   8.5
12 06 2021   8.5
13 06 2021   8.4
14 06 2021   8.4
15 06 2021   8.4
16 06 2021   8.4
17 06 2021   8.6
18 06 2021   8.5
19 06 2021   8.6
20 06 2021   8.7
21 06 2021   8.8
22 06 2021   8.6
23 06 2021   8.8
24 06 2021   8.7
25 06 2021   8.7
26 06 2021   8.8
27 06 2021   8.9
28 06 2021   8.8
29 06 2021   8.7
30 06 2021   8.9
01 07 2021   9.1
02 07 2021   9.1
03 07 2021   9.1
04 07 2021   9.3
05 07 2021   9.3
06 07 2021   9.4
07 07 2021   9.6
08 07 2021   9.4
09 07 2021   9.2
10 07 2021   9.3
11 07 2021   9.6
12 07 2021   9.6
13 07 2021   9.6
14 07 2021   9.5
15 07 2021   9.8
16 07 2021   9.6
17 07 2021   9.9
18 07 2021  10.2
19 07 2021  10.2
20 07 2021  10.1
21 07 2021  10.2
22 07 2021   9.9
23 07 2021   9.7
24 07 2021   9.6
25 07 2021   9.7
26 07 2021   9.8
27 07 2021   9.9
28 07 2021   9.7
29 07 2021   9.7
30 07 2021   9.8
31 07 2021   9.7
01 08 2021   9.7
02 08 2021   9.9
03 08 2021   9.8
04 08 2021  10.0
05 08 2021   9.9
06 08 2021  10.2
07 08 2021  10.2
08 08 2021  10.1
09 08 2021  10.1
10 08 2021  10.1
11 08 2021  10.2
12 08 2021  10.6
13 08 2021  11.3
14 08 2021  11.2
15 08 2021  11.2
16 08 2021  11.0
17 08 2021  11.1
18 08 2021  11.0
19 08 2021  10.8
20 08 2021  10.9
21 08 2021  10.9
22 08 2021  10.9
23 08 2021  11.0
24 08 2021  11.0
25 08 2021  11.0
26 08 2021  11.0
27 08 2021  11.1
28 08 2021  11.1
29 08 2021  11.1
30 08 2021  11.0
31 08 2021  11.0
01 09 2021  11.2
02 09 2021  11.5
03 09 2021  11.2
04 09 2021  11.2
05 09 2021  10.8
06 09 2021  10.9
07 09 2021  10.8
08 09 2021  10.7
09 09 2021  10.6
10 09 2021  10.5
11 09 2021  10.5
12 09 2021  10.5
13 09 2021  10.2
14 09 2021  10.5
15 09 2021  10.6
16 09 2021  10.7
17 09 2021  10.7
18 09 2021  10.5
19 09 2021  10.3
20 09 2021  10.0
21 09 2021  10.0
22 09 2021   9.7
23 09 2021   9.9
24 09 2021   9.6
25 09 2021   9.3
26 09 2021   8.9
27 09 2021   8.8
28 09 2021   8.3
29 09 2021   8.2
30 09 2021   8.3
01 10 2021   8.3
02 10 2021   8.4
03 10 2021   8.4
04 10 2021   8.3
05 10 2021   8.2
06 10 2021   8.0
07 10 2021   8.2
08 10 2021   8.7
09 10 2021   8.8
10 10 2021   8.7
11 10 2021   8.7
12 10 2021   8.7
13 10 2021   8.9
14 10 2021   8.5
15 10 2021   8.6
16 10 2021   8.3
17 10 2021   8.0
18 10 2021   8.1
19 10 2021   8.4
20 10 2021   8.0
21 10 2021   8.0
22 10 2021   8.1
23 10 2021   8.4
24 10 2021   8.5
25 10 2021   8.5
26 10 2021   8.4
27 10 2021   8.3
28 10 2021   8.1
29 10 2021   8.3
30 10 2021   8.3
31 10 2021   7.9
01 11 2021   7.8
02 11 2021   7.9
03 11 2021   7.9
04 11 2021   8.2
05 11 2021   8.2
06 11 2021   8.0
07 11 2021   8.1
08 11 2021   7.9
09 11 2021   8.2
10 11 2021   8.2
11 11 2021   8.1
12 11 2021   7.6
13 11 2021   7.7
14 11 2021   7.9
15 11 2021   7.9
16 11 2021   7.8
17 11 2021   7.7
18 11 2021   7.5
19 11 2021   7.8
20 11 2021   7.7
21 11 2021   7.6
22 11 2021   7.5
23 11 2021   7.2
24 11 2021   7.0
25 11 2021   7.3
26 11 2021   7.1
27 11 2021   7.2
28 11 2021   7.1
29 11 2021   7.3
30 11 2021   7.0
01 12 2021   7.1
02 12 2021   7.0
03 12 2021   7.1
04 12 2021   7.1
05 12 2021   6.8
06 12 2021   7.0
07 12 2021   6.9
08 12 2021   6.6
09 12 2021   6.5
10 12 2021   6.6
11 12 2021   6.4
12 12 2021   6.8
13 12 2021   6.8
14 12 2021   6.8
15 12 2021   6.8
16 12 2021   7.0
17 12 2021   7.1
18 12 2021   7.2
19 12 2021   7.2
20 12 2021   7.2
21 12 2021   7.1
22 12 2021   6.9
23 12 2021   6.6
24 12 2021   6.6
25 12 2021   6.7
26 12 2021   6.7
27 12 2021   6.8
28 12 2021   6.6
29 12 2021   6.2
30 12 2021   6.2
31 12 2021   5.9
01 01 2022   6.0
02 01 2022   6.3
03 01 2022   6.3
04 01 2022   6.1
05 01 2022   5.8
06 01 2022   6.1
07 01 2022   6.2
08 01 2022   6.3
09 01 2022   6.5
10 01 2022   6.7
11 01 2022   6.6
12 01 2022   6.7
13 01 2022   6.4
14 01 2022   6.3
15 01 2022   6.5
16 01 2022   6.3
17 01 2022   6.4
18 01 2022   6.5
19 01 2022   6.1
20 01 2022   6.3
21 01 2022   6.4
22 01 2022   6.3
23 01 2022   6.1
24 01 2022   5.6
25 01 2022   6.0
26 01 2022   5.9
27 01 2022   5.9
28 01 2022   6.2
29 01 2022   5.7
30 01 2022   5.8
31 01 2022   5.5
01 02 2022   5.6
02 02 2022   5.7
03 02 2022   5.7
04 02 2022   5.4
05 02 2022   5.2
06 02 2022   5.3
07 02 2022   5.3
08 02 2022   5.4
09 02 2022   5.4
10 02 2022   5.5
11 02 2022   5.5
12 02 2022   5.4
13 02 2022   5.5
14 02 2022   5.2
15 02 2022   6.1
16 02 2022   6.2
17 02 2022   6.3
18 02 2022   6.3
19 02 2022   5.8
20 02 2022   6.0
21 02 2022   6.4
22 02 2022   6.4
23 02 2022   6.5
24 02 2022   6.3
25 02 2022   6.3
26 02 2022   6.5
27 02 2022   6.5
28 02 2022   6.5
01 03 2022   6.5
02 03 2022   6.4
03 03 2022   6.7
04 03 2022   6.7
05 03 2022   6.7
06 03 2022   6.8
07 03 2022   6.8
08 03 2022   6.7
09 03 2022   6.7
10 03 2022   6.6
11 03 2022   6.8
12 03 2022   6.8
13 03 2022   6.8
14 03 2022   6.7
15 03 2022   6.6
16 03 2022   6.5
17 03 2022   6.4
18 03 2022   6.4
19 03 2022   6.5
20 03 2022   6.6
21 03 2022   6.5
22 03 2022   6.6
23 03 2022   6.7
24 03 2022   6.7
25 03 2022   6.7
26 03 2022   7.0
27 03 2022   6.9
28 03 2022   6.8
29 03 2022   6.8
30 03 2022   6.8
31 03 2022   6.9
01 04 2022   7.0
02 04 2022   7.1
03 04 2022   7.2
04 04 2022   7.2
05 04 2022   7.0
06 04 2022   6.8
07 04 2022   7.0
08 04 2022   6.6
09 04 2022   6.4
10 04 2022   6.3
11 04 2022   6.3
12 04 2022   6.4
13 04 2022   6.7
14 04 2022   6.9
15 04 2022   7.1
16 04 2022   7.2
17 04 2022   7.4
18 04 2022   7.5
19 04 2022   7.5
20 04 2022   7.6
21 04 2022   7.6
22 04 2022   7.6
23 04 2022   7.7
24 04 2022   7.8
25 04 2022   7.8
26 04 2022   7.8
27 04 2022   7.9
28 04 2022   7.9
29 04 2022   8.0
30 04 2022   8.0
01 05 2022   8.1
02 05 2022   8.1
03 05 2022   7.9
04 05 2022   7.9
05 05 2022   7.9
06 05 2022   7.9
07 05 2022   7.9
08 05 2022   7.9
09 05 2022   8.0
10 05 2022   8.1
11 05 2022   8.0
12 05 2022   8.1
13 05 2022   8.1
14 05 2022   8.1
15 05 2022   8.1
16 05 2022   8.3
17 05 2022   8.4
18 05 2022   8.4
19 05 2022   8.4
20 05 2022   8.4
21 05 2022   8.5
22 05 2022   8.6
23 05 2022   8.6
24 05 2022   8.7
25 05 2022   8.7
26 05 2022   8.9
27 05 2022   8.8
28 05 2022   8.8
29 05 2022   8.8
30 05 2022   9.0
31 05 2022   9.0
01 06 2022   9.1
02 06 2022   9.0
03 06 2022   9.0
04 06 2022   9.1
05 06 2022   9.2
06 06 2022   9.2
07 06 2022   9.2
08 06 2022   9.2
09 06 2022   9.3
10 06 2022   9.6
11 06 2022   9.7
12 06 2022   9.7
13 06 2022   9.8
14 06 2022   9.8
15 06 2022   9.6
16 06 2022   9.6
17 06 2022   9.6
18 06 2022   9.7
19 06 2022   9.7
20 06 2022   9.7
21 06 2022   9.8
22 06 2022   9.8
23 06 2022  10.0
24 06 2022   9.7
25 06 2022   9.9
26 06 2022   9.5
27 06 2022   9.3
28 06 2022   9.4
29 06 2022   9.5
30 06 2022   9.6
01 07 2022   9.6
02 07 2022   9.8
03 07 2022   9.9
04 07 2022   9.6
05 07 2022   9.7
06 07 2022   9.7
07 07 2022   9.7
08 07 2022  10.3
09 07 2022  10.2
10 07 2022  10.1
11 07 2022  10.1
12 07 2022  10.0
13 07 2022   9.8
14 07 2022   9.8
15 07 2022  10.0
16 07 2022   9.7
17 07 2022   9.7
18 07 2022   9.8
19 07 2022   9.9
20 07 2022  10.1
21 07 2022  10.1
22 07 2022  10.0
23 07 2022  10.1
24 07 2022  10.2
25 07 2022  10.3
26 07 2022  10.2
27 07 2022  10.0
28 07 2022  10.4
29 07 2022  10.5
30 07 2022  10.3
31 07 2022  10.1
01 08 2022  10.3
02 08 2022  10.1
03 08 2022  10.1
04 08 2022  10.0
05 08 2022   9.8
06 08 2022   9.8
07 08 2022   9.8
08 08 2022   9.8
09 08 2022   9.9
10 08 2022  10.2
11 08 2022  10.2
12 08 2022  10.2
13 08 2022  10.1
14 08 2022  10.0
15 08 2022  10.0
16 08 2022   9.9
17 08 2022   9.9
18 08 2022   9.9
19 08 2022  10.0
20 08 2022  10.1
21 08 2022  10.0
22 08 2022  10.0
23 08 2022  10.2
24 08 2022  10.3
25 08 2022  10.2
26 08 2022  10.0
27 08 2022   9.8
28 08 2022   9.9
29 08 2022  10.1
30 08 2022  10.5
31 08 2022  10.4
01 09 2022  10.4
02 09 2022  10.5
03 09 2022  10.4
04 09 2022  10.5
05 09 2022  10.6
06 09 2022  10.8
07 09 2022  11.0
08 09 2022  11.0
09 09 2022  10.9
10 09 2022  11.0
11 09 2022  11.0
12 09 2022  11.0
13 09 2022  10.9
14 09 2022  10.7
15 09 2022  10.7
16 09 2022  10.7
17 09 2022  10.7
18 09 2022  10.6
19 09 2022  10.8
20 09 2022  10.9
21 09 2022  11.0
22 09 2022  11.0
23 09 2022  10.9
24 09 2022  10.9
25 09 2022  10.5
26 09 2022  10.4
27 09 2022   9.4
28 09 2022   9.4
29 09 2022   9.3
30 09 2022   9.3
01 10 2022   9.4
02 10 2022   9.4
03 10 2022   9.8
04 10 2022   9.9
05 10 2022   9.6
06 10 2022   9.6
07 10 2022   9.5
08 10 2022   9.2
09 10 2022   9.1
10 10 2022   8.7
11 10 2022   8.7
12 10 2022   8.7
13 10 2022   8.7
14 10 2022   8.6
15 10 2022   8.5
16 10 2022   8.3
17 10 2022   8.2
18 10 2022   8.3
19 10 2022   8.4
20 10 2022   8.3
21 10 2022   8.3
22 10 2022   8.3
23 10 2022   8.2
24 10 2022   8.0
25 10 2022   8.1
26 10 2022   8.0
27 10 2022   8.0
28 10 2022   8.0
29 10 2022   7.9
30 10 2022   7.9
31 10 2022   8.0
01 11 2022   8.1
02 11 2022   8.1
03 11 2022   8.0
04 11 2022   7.8
05 11 2022   7.6
06 11 2022   7.5
07 11 2022   7.8
08 11 2022   7.9
09 11 2022   8.1
10 11 2022   8.1
11 11 2022   8.2
12 11 2022   8.1
13 11 2022   8.0
14 11 2022   8.1
15 11 2022   8.2
16 11 2022   8.1
17 11 2022   8.2
18 11 2022   8.4
19 11 2022   8.2
20 11 2022   8.3
21 11 2022   8.2
22 11 2022   8.0
23 11 2022   8.1
24 11 2022   8.1
25 11 2022   8.2
26 11 2022   8.0
27 11 2022   7.9
28 11 2022   7.8
29 11 2022   7.7
30 11 2022   7.8
01 12 2022   8.0
02 12 2022   8.1
03 12 2022   8.1
04 12 2022   8.0
05 12 2022   8.0
06 12 2022   8.0
07 12 2022   7.8
08 12 2022   7.6
09 12 2022   7.1
10 12 2022   7.4
11 12 2022   6.8
12 12 2022   6.8
13 12 2022   6.7
14 12 2022   6.6
15 12 2022   6.5
16 12 2022   6.1
17 12 2022   5.5
18 12 2022   5.7
19 12 2022   6.1
20 12 2022   6.6
21 12 2022   5.8
22 12 2022   6.0
23 12 2022   6.0
24 12 2022   5.8
25 12 2022   5.8
26 12 2022   5.8
27 12 2022   5.8
28 12 2022   5.8
29 12 2022   5.5
30 12 2022   4.8
31 12 2022   4.6
01 01 2023   5.5
02 01 2023   5.3
03 01 2023   5.4
04 01 2023   5.1
05 01 2023   5.0
06 01 2023   5.1
07 01 2023   5.3
08 01 2023   5.8
09 01 2023   5.8
10 01 2023   5.8
11 01 2023   6.4
12 01 2023   6.5
13 01 2023   5.8
14 01 2023   5.8
15 01 2023   6.1
16 01 2023   6.1
17 01 2023   5.6
18 01 2023   6.1
19 01 2023   6.1
20 01 2023   6.1
21 01 2023   6.8
22 01 2023   6.6
23 01 2023   6.6
24 01 2023   6.6
25 01 2023   6.6
26 01 2023   6.7
27 01 2023   6.6
28 01 2023   6.5
29 01 2023   6.5
30 01 2023   5.9
31 01 2023   6.6
01 02 2023   6.6
02 02 2023   6.2
03 02 2023   6.4
04 02 2023   6.4
05 02 2023   6.5
06 02 2023   6.6
07 02 2023   6.3
08 02 2023   6.1
09 02 2023   5.6
10 02 2023   5.7
11 02 2023   6.2
12 02 2023   6.1
13 02 2023   6.1
14 02 2023   6.1
15 02 2023   6.0
16 02 2023   5.9
17 02 2023   5.8
18 02 2023   5.9
19 02 2023   5.8
20 02 2023   6.1
21 02 2023   6.4
22 02 2023   6.2
23 02 2023   6.4
24 02 2023   6.6
25 02 2023   6.7
26 02 2023   6.8
27 02 2023   6.8
28 02 2023   6.9
01 03 2023   7.0
02 03 2023   6.9
03 03 2023   7.0
04 03 2023   7.0
05 03 2023   7.0
06 03 2023   6.9
07 03 2023   6.7
08 03 2023   6.5
09 03 2023   6.8
10 03 2023   6.7
11 03 2023   6.8
12 03 2023   6.6
13 03 2023   6.3
14 03 2023   5.8
15 03 2023   5.8
16 03 2023   6.2
17 03 2023   6.7
18 03 2023   6.6
19 03 2023   6.5
20 03 2023   6.1
21 03 2023   6.1
22 03 2023   6.1
23 03 2023   6.1
24 03 2023   6.1
25 03 2023   6.2
26 03 2023   6.2
27 03 2023   6.4
28 03 2023   5.9
29 03 2023   6.4
30 03 2023   6.7
31 03 2023   6.9
01 04 2023   6.8
02 04 2023   6.9
03 04 2023   6.8
04 04 2023   6.9
05 04 2023   7.0
06 04 2023   7.0
07 04 2023   7.0
08 04 2023   7.0
09 04 2023   7.2
10 04 2023   7.4
11 04 2023   7.5
12 04 2023   7.5
13 04 2023   7.5
14 04 2023   7.6
15 04 2023   7.7
16 04 2023   7.7
17 04 2023   7.6
18 04 2023   7.7
19 04 2023   7.7
20 04 2023   7.8
21 04 2023   7.9
22 04 2023   8.0
23 04 2023   8.0
24 04 2023   7.9
25 04 2023   8.0
26 04 2023   7.9
27 04 2023   7.8
28 04 2023   7.9
29 04 2023   7.9
30 04 2023   7.8
01 05 2023   7.9
02 05 2023   7.9
03 05 2023   7.8
04 05 2023   7.7
05 05 2023   7.8
06 05 2023   8.0
07 05 2023   8.0
08 05 2023   8.0
09 05 2023   8.1
10 05 2023   8.2
11 05 2023   8.2
12 05 2023   8.3
13 05 2023   8.3
14 05 2023   8.3
15 05 2023   8.4
16 05 2023   8.3
17 05 2023   8.3
18 05 2023   8.3
19 05 2023   8.3
20 05 2023   8.2
21 05 2023   8.2
22 05 2023   8.2
23 05 2023   8.2
24 05 2023   8.1
25 05 2023   8.1
26 05 2023   8.0
27 05 2023   8.1
28 05 2023   8.1
29 05 2023   8.1
30 05 2023   8.2
31 05 2023   8.2
01 06 2023   8.3
02 06 2023   8.3
03 06 2023   8.5
04 06 2023   8.4
05 06 2023   8.5
06 06 2023   8.5
07 06 2023   8.5
08 06 2023   8.5
09 06 2023   8.5
10 06 2023   8.6
11 06 2023   8.8
12 06 2023   8.7
13 06 2023   8.7
14 06 2023   8.6
15 06 2023   8.7
16 06 2023   8.8
17 06 2023   8.5
18 06 2023   8.6
19 06 2023   8.7
20 06 2023   8.8
21 06 2023   8.9
22 06 2023   9.0
23 06 2023   9.1
24 06 2023   9.2
25 06 2023   9.4
26 06 2023   9.5
27 06 2023   9.7
28 06 2023   9.9
29 06 2023   9.9
30 06 2023   9.9
01 07 2023   9.8
02 07 2023   9.7
03 07 2023   9.5
04 07 2023   9.8
05 07 2023   9.2
06 07 2023   9.3
07 07 2023   9.6
08 07 2023  10.2
09 07 2023  10.5
10 07 2023  10.2
11 07 2023  10.6
12 07 2023  10.5
13 07 2023  10.9
14 07 2023  10.8
15 07 2023  10.2
16 07 2023  10.0
17 07 2023   9.9
18 07 2023   9.9
19 07 2023  10.1
20 07 2023  10.1
21 07 2023  10.1
22 07 2023  10.2
23 07 2023  10.4
24 07 2023  10.2
25 07 2023  10.3
26 07 2023  11.2
27 07 2023  11.5
28 07 2023  11.8
29 07 2023  12.1
30 07 2023  11.8
31 07 2023  11.9
01 08 2023  11.8
02 08 2023  11.8
03 08 2023  11.7
04 08 2023  11.8
05 08 2023  11.7
06 08 2023  11.6
07 08 2023  11.6
08 08 2023  11.7
09 08 2023  11.8
10 08 2023  11.9
11 08 2023  12.2
12 08 2023  12.4
13 08 2023  12.3
14 08 2023  12.2
15 08 2023  12.4
16 08 2023  12.3
17 08 2023  12.2
18 08 2023  12.3
19 08 2023  12.3
20 08 2023  12.5
21 08 2023  12.4
22 08 2023  12.4
23 08 2023  12.3
24 08 2023  12.4
25 08 2023  12.5
26 08 2023  12.3
27 08 2023  12.2
28 08 2023  12.2
29 08 2023  12.2
30 08 2023  12.0
31 08 2023  11.9
01 09 2023  12.0
02 09 2023  11.8
03 09 2023  11.5
04 09 2023  11.3
05 09 2023  11.6
06 09 2023  11.7
07 09 2023  11.6
08 09 2023  11.7
09 09 2023  11.9
10 09 2023  12.0
11 09 2023  11.8
12 09 2023  11.1
13 09 2023  11.1
14 09 2023  11.2
15 09 2023  11.2
16 09 2023  11.1
17 09 2023  11.1
18 09 2023  11.0
19 09 2023  11.0
20 09 2023  10.8
21 09 2023  10.5
22 09 2023  10.7
23 09 2023  10.7
24 09 2023  10.5
25 09 2023  10.6
26 09 2023  10.6
27 09 2023  10.8
28 09 2023  10.8
29 09 2023  10.8
30 09 2023  10.7
01 10 2023  10.6
02 10 2023  10.7
03 10 2023  10.8
04 10 2023  10.7
05 10 2023  10.3
06 10 2023  10.3
07 10 2023  10.4
08 10 2023  10.4
09 10 2023  10.2
10 10 2023   9.8
11 10 2023   9.9
12 10 2023   9.9
13 10 2023   9.7
14 10 2023   9.7
15 10 2023   9.6
16 10 2023   9.6
17 10 2023   9.4
18 10 2023   9.4
19 10 2023   9.5
20 10 2023   9.6
21 10 2023   9.6
22 10 2023   9.7
23 10 2023   9.5
24 10 2023   9.6
25 10 2023   9.3
26 10 2023   9.3
27 10 2023   9.2
28 10 2023   9.0
29 10 2023   9.2
30 10 2023   8.9
31 10 2023   8.7
01 11 2023   8.5
02 11 2023   8.8
03 11 2023   8.9
04 11 2023   8.8
05 11 2023   8.5
06 11 2023   8.5
07 11 2023   8.2
08 11 2023   7.9
09 11 2023   8.1
10 11 2023   8.1
11 11 2023   8.0
12 11 2023   7.8
13 11 2023   7.6
14 11 2023   7.7
15 11 2023   7.6
16 11 2023   7.9
17 11 2023   7.8
18 11 2023   7.8
19 11 2023   8.1
20 11 2023   7.8
21 11 2023   8.2
22 11 2023   8.1
23 11 2023   7.3
24 11 2023   7.1
25 11 2023   7.5
26 11 2023   7.7
27 11 2023   7.6
28 11 2023   7.7
29 11 2023   7.7
30 11 2023   7.7
01 12 2023   7.7
02 12 2023   7.7
03 12 2023   7.3
04 12 2023   7.0
05 12 2023   7.2
06 12 2023   7.0
07 12 2023   7.1
08 12 2023   7.0
09 12 2023   7.0
10 12 2023   7.0
11 12 2023   7.3
12 12 2023   7.3
13 12 2023   7.2
14 12 2023   7.3
15 12 2023   7.1
16 12 2023   7.0
17 12 2023   6.8
18 12 2023   6.6
19 12 2023   6.4
20 12 2023   6.4
21 12 2023   6.4
22 12 2023   6.0
23 12 2023   5.7
24 12 2023   6.0
25 12 2023   6.2
26 12 2023   6.2
27 12 2023   6.7
28 12 2023   6.6
29 12 2023   6.7
30 12 2023   6.8
31 12 2023   6.4
01 01 2024   6.6
02 01 2024   6.9
03 01 2024   6.7
04 01 2024   7.2
05 01 2024   7.3
06 01 2024   7.4
07 01 2024   7.1
08 01 2024   7.3
09 01 2024   7.4
10 01 2024   7.6
11 01 2024   7.6
12 01 2024   7.6
13 01 2024   7.6
14 01 2024   7.5
15 01 2024   7.2
16 01 2024   7.0
17 01 2024   6.7
18 01 2024   6.3
19 01 2024   5.9
20 01 2024   6.3
21 01 2024   6.6
22 01 2024   6.5
23 01 2024   6.2
24 01 2024   6.5
25 01 2024   6.7
26 01 2024   6.7
27 01 2024   6.5
28 01 2024   6.7
29 01 2024   6.5
30 01 2024   6.3
31 01 2024   6.1
01 02 2024   5.8
02 02 2024   6.1
03 02 2024   5.8
04 02 2024   5.7
05 02 2024   5.7
06 02 2024   5.3
07 02 2024   5.4
08 02 2024   5.4
09 02 2024   5.5
10 02 2024   5.6
11 02 2024   6.0
12 02 2024   6.4
13 02 2024   6.5
14 02 2024   6.5
15 02 2024   6.6
16 02 2024   6.6
17 02 2024   6.6
18 02 2024   6.8
19 02 2024   6.9
20 02 2024   7.1
21 02 2024   6.9
22 02 2024   7.0
23 02 2024   7.0
24 02 2024   7.0
25 02 2024   6.9
26 02 2024   6.8
27 02 2024   6.8
28 02 2024   6.5
29 02 2024   6.6
01 03 2024   6.3
02 03 2024   6.2
03 03 2024   6.7
04 03 2024   6.5
05 03 2024   6.5
06 03 2024   6.8
07 03 2024   7.0
08 03 2024   7.2
09 03 2024   7.2
10 03 2024   7.2
11 03 2024   7.5
12 03 2024   7.5
13 03 2024   7.5
14 03 2024   7.5
15 03 2024   7.1
16 03 2024   7.4
17 03 2024   7.2
18 03 2024   7.5
19 03 2024   7.5
20 03 2024   7.2
21 03 2024   7.2
22 03 2024   7.2
23 03 2024   7.1
24 03 2024   7.1
25 03 2024   7.2
26 03 2024   6.7
27 03 2024   6.9
28 03 2024   7.0
29 03 2024   7.0
30 03 2024   7.0
31 03 2024   7.0
01 04 2024   6.9
02 04 2024   6.9
03 04 2024   6.6
04 04 2024   6.9
05 04 2024   6.6
06 04 2024   6.9
07 04 2024   6.8
08 04 2024   7.2
09 04 2024   7.1
10 04 2024   6.8
11 04 2024   6.6
12 04 2024   7.1
13 04 2024   7.2
14 04 2024   7.0
15 04 2024   7.1
16 04 2024   7.2
17 04 2024   6.9
18 04 2024   6.9
19 04 2024   6.9
20 04 2024   6.7
21 04 2024   7.1
22 04 2024   7.2
23 04 2024   7.3
24 04 2024   7.3
25 04 2024   7.4
26 04 2024   7.5
27 04 2024   7.6
28 04 2024   7.6
29 04 2024   7.6
30 04 2024   7.8
01 05 2024   7.8
02 05 2024   7.9
03 05 2024   7.8
04 05 2024   7.9
05 05 2024   8.0
06 05 2024   8.1
07 05 2024   7.9
08 05 2024   7.9
09 05 2024   7.9
10 05 2024   8.0
11 05 2024   7.8
12 05 2024   7.9
13 05 2024   8.0
14 05 2024   8.1
15 05 2024   8.1
16 05 2024   8.1
17 05 2024   8.2
18 05 2024   8.2
19 05 2024   8.1
20 05 2024   8.1
21 05 2024   8.3
22 05 2024   8.3
23 05 2024   8.3
24 05 2024   8.3
25 05 2024   8.3
26 05 2024   8.3
27 05 2024   8.3
28 05 2024   8.4
29 05 2024   8.6
30 05 2024   8.6
31 05 2024   8.6
01 06 2024   8.6
02 06 2024   8.7
03 06 2024   8.8
04 06 2024   8.6
05 06 2024   8.4
06 06 2024   8.4
07 06 2024   8.3
08 06 2024   8.3
09 06 2024   8.3
10 06 2024   8.2
11 06 2024   8.4
12 06 2024   8.4
13 06 2024   8.4
14 06 2024   8.4
15 06 2024   8.4
16 06 2024   8.7
17 06 2024   8.8
18 06 2024   8.8
19 06 2024   8.7
20 06 2024   8.7
21 06 2024   8.8
22 06 2024   8.8
23 06 2024   9.0
24 06 2024   8.9
25 06 2024   8.9
26 06 2024   8.9
27 06 2024   9.1
28 06 2024   9.3
29 06 2024   9.2
30 06 2024   9.0
01 07 2024   8.8
02 07 2024   9.0
03 07 2024   9.1
04 07 2024   9.1
05 07 2024   9.2
06 07 2024   9.3
07 07 2024   9.6
08 07 2024   9.4
09 07 2024   9.3
10 07 2024   9.3
11 07 2024   9.2
12 07 2024   9.2
13 07 2024   9.2
14 07 2024   9.7
15 07 2024  10.2
16 07 2024  10.2
17 07 2024  10.0
18 07 2024  10.1
19 07 2024  10.1
20 07 2024  10.3
21 07 2024  10.4
22 07 2024  10.3
23 07 2024  10.1
24 07 2024   9.9
25 07 2024   9.9
26 07 2024   9.9
27 07 2024  10.0
28 07 2024  10.3
29 07 2024  10.0
30 07 2024  10.2
31 07 2024  10.2
01 08 2024  10.2
02 08 2024  10.4
03 08 2024  10.7
04 08 2024  10.8
05 08 2024  10.8
06 08 2024  10.8
07 08 2024  10.8
08 08 2024  10.8
09 08 2024  10.9
10 08 2024  10.9
11 08 2024  10.9
12 08 2024  10.9
13 08 2024  11.0
14 08 2024  11.0
15 08 2024  10.9
16 08 2024  11.0
17 08 2024  10.8
18 08 2024  10.6
19 08 2024  10.1
20 08 2024   9.8
21 08 2024   9.6
22 08 2024   9.9
23 08 2024  10.1
24 08 2024   9.9
25 08 2024   9.9
26 08 2024   9.9
27 08 2024  10.3
28 08 2024  10.4
29 08 2024  10.4
30 08 2024  10.2
31 08 2024  10.1
01 09 2024  10.2
02 09 2024  10.1
03 09 2024  10.1
04 09 2024  10.0
05 09 2024   9.9
06 09 2024   9.9
07 09 2024   9.9
08 09 2024   9.9
09 09 2024   9.9
10 09 2024   9.6
11 09 2024   9.0
12 09 2024   8.8
13 09 2024   8.8
14 09 2024   8.7
15 09 2024   9.3
16 09 2024   9.1
17 09 2024   9.1
18 09 2024   9.0
19 09 2024   9.2
20 09 2024   9.3
21 09 2024   9.2
22 09 2024   9.2
23 09 2024   9.3
24 09 2024   9.3
25 09 2024   9.0
26 09 2024   8.9
27 09 2024   9.0
28 09 2024   9.0
29 09 2024   8.9
30 09 2024   8.8
01 10 2024   8.9
02 10 2024   9.0
03 10 2024   8.9
04 10 2024   8.9
05 10 2024   8.9
06 10 2024   8.9
07 10 2024   8.8
08 10 2024   8.7
09 10 2024   8.7
10 10 2024   8.3
11 10 2024   7.9
12 10 2024   7.8
13 10 2024   7.8
14 10 2024   7.8
15 10 2024   7.9
16 10 2024   8.1
17 10 2024   8.1
18 10 2024   8.1
19 10 2024   8.1
20 10 2024   8.2
21 10 2024   8.1
22 10 2024   7.8
23 10 2024   7.7
24 10 2024   7.9
25 10 2024   8.0
26 10 2024   7.8
27 10 2024   7.5
28 10 2024   7.5
29 10 2024   7.8
30 10 2024   7.8
31 10 2024   7.6
01 11 2024   7.3
02 11 2024   7.4
03 11 2024   7.6
04 11 2024   7.9
05 11 2024   7.9
06 11 2024   7.9
07 11 2024   7.8
08 11 2024   7.9
09 11 2024   7.8
10 11 2024   7.9
11 11 2024   8.0
12 11 2024   8.1
13 11 2024   8.0
14 11 2024   8.0
15 11 2024   7.7
16 11 2024   7.2
17 11 2024   7.3
18 11 2024   7.2
19 11 2024   6.7
20 11 2024   5.9
21 11 2024   5.8
22 11 2024   6.3
23 11 2024   6.2
24 11 2024   6.3
25 11 2024   6.5
26 11 2024   6.3
27 11 2024   6.6
28 11 2024   6.3
29 11 2024   6.0
30 11 2024   6.3
01 12 2024   5.9
02 12 2024   5.7
03 12 2024   6.0
04 12 2024   6.1
05 12 2024   6.1
06 12 2024   6.0
07 12 2024   6.0
08 12 2024   6.0
09 12 2024   6.0
10 12 2024   6.1
11 12 2024   5.6
12 12 2024   5.4
13 12 2024   5.1
14 12 2024   4.9
15 12 2024   4.9
16 12 2024   5.0
17 12 2024   5.0
18 12 2024   5.1
19 12 2024   4.8
20 12 2024   4.8
21 12 2024   4.9
22 12 2024   4.5
23 12 2024   4.5
24 12 2024   4.6
25 12 2024   4.6
26 12 2024   5.0
27 12 2024   5.0
28 12 2024   5.0
29 12 2024   4.8
30 12 2024   4.8
31 12 2024   4.4
01 01 2025   4.8
02 01 2025   4.8
03 01 2025   4.9
04 01 2025   5.2
05 01 2025   5.3
06 01 2025   4.4
07 01 2025   4.9
08 01 2025   5.3
09 01 2025   5.6
10 01 2025   5.5
11 01 2025   5.3
12 01 2025   5.7
13 01 2025   6.3
14 01 2025   6.2
15 01 2025   6.5
16 01 2025   6.5
17 01 2025 NA
18 01 2025 NA
19 01 2025 NA
20 01 2025 NA
21 01 2025 NA
22 01 2025 NA
23 01 2025 NA
24 01 2025 NA
25 01 2025 NA
26 01 2025 NA
27 01 2025 NA
28 01 2025 NA
29 01 2025 NA
30 01 2025 NA
31 01 2025 NA
01 02 2025 NA
02 02 2025 NA
03 02 2025 NA
04 02 2025 NA
05 02 2025 NA
06 02 2025 NA
07 02 2025 NA
08 02 2025 NA
09 02 2025 NA
10 02 2025 NA
11 02 2025 NA
12 02 2025 NA
13 02 2025 NA
14 02 2025 NA
15 02 2025 NA
16 02 2025 NA
17 02 2025 NA
18 02 2025 NA
19 02 2025 NA
20 02 2025 NA
21 02 2025 NA
22 02 2025 NA
23 02 2025 NA
24 02 2025 NA
25 02 2025 NA
26 02 2025 NA
27 02 2025 NA
28 02 2025 NA
01 03 2025 NA
02 03 2025 NA
03 03 2025 NA
04 03 2025 NA
05 03 2025 NA
06 03 2025 NA
07 03 2025 NA
08 03 2025 NA
09 03 2025 NA
10 03 2025 NA
11 03 2025 NA
12 03 2025 NA
13 03 2025 NA
14 03 2025 NA
15 03 2025 NA
16 03 2025 NA
17 03 2025 NA
18 03 2025 NA
19 03 2025 NA
20 03 2025 NA
21 03 2025 NA
22 03 2025 NA
23 03 2025 NA
24 03 2025 NA
25 03 2025 NA
26 03 2025 NA
27 03 2025 NA
28 03 2025 NA
29 03 2025 NA
30 03 2025 NA
31 03 2025 NA
01 04 2025 NA
02 04 2025 NA
03 04 2025 NA
04 04 2025 NA
05 04 2025 NA
06 04 2025 NA
07 04 2025 NA
08 04 2025 NA
09 04 2025 NA
10 04 2025 NA
11 04 2025 NA
12 04 2025 NA
13 04 2025 NA
14 04 2025 NA
15 04 2025 NA
16 04 2025 NA
17 04 2025 NA
18 04 2025 NA
19 04 2025 NA
20 04 2025 NA
21 04 2025 NA
22 04 2025 NA
23 04 2025 NA
24 04 2025 NA
25 04 2025 NA
26 04 2025 NA
27 04 2025 NA
28 04 2025 NA
29 04 2025 NA
30 04 2025 NA
01 05 2025 NA
02 05 2025 NA
03 05 2025 NA
04 05 2025 NA
05 05 2025 NA
06 05 2025 NA
07 05 2025 NA
08 05 2025 NA
09 05 2025 NA
10 05 2025 NA
11 05 2025 NA
12 05 2025 NA
13 05 2025 NA
14 05 2025 NA
15 05 2025 NA
16 05 2025 NA
17 05 2025 NA
18 05 2025 NA
19 05 2025 NA
20 05 2025 NA
21 05 2025 NA
22 05 2025 NA
23 05 2025 NA
24 05 2025 NA
25 05 2025 NA
26 05 2025 NA
27 05 2025 NA
28 05 2025 NA
29 05 2025 NA
30 05 2025 NA
31 05 2025 NA
01 06 2025 NA
02 06 2025 NA
03 06 2025 NA
04 06 2025 NA
05 06 2025 NA
06 06 2025 NA
07 06 2025 NA
08 06 2025 NA
09 06 2025 NA
10 06 2025 NA
11 06 2025 NA
12 06 2025 NA
13 06 2025 NA
14 06 2025 NA
15 06 2025 NA
16 06 2025 NA
17 06 2025 NA
18 06 2025 NA
19 06 2025 NA
20 06 2025 NA
21 06 2025 NA
22 06 2025 NA
23 06 2025 NA
24 06 2025 NA
25 06 2025 NA
26 06 2025 NA
27 06 2025 NA
28 06 2025 NA
29 06 2025 NA
30 06 2025 NA
01 07 2025 NA
02 07 2025 NA
03 07 2025 NA
04 07 2025 NA
05 07 2025 NA
06 07 2025 NA
07 07 2025 NA
08 07 2025 NA
09 07 2025 NA
10 07 2025 NA
11 07 2025 NA
12 07 2025 NA
13 07 2025 NA
14 07 2025 NA
15 07 2025 NA
16 07 2025 NA
17 07 2025 NA
18 07 2025 NA
19 07 2025 NA
20 07 2025 NA
21 07 2025 NA
22 07 2025 NA
23 07 2025 NA
24 07 2025 NA
25 07 2025 NA
26 07 2025 NA
27 07 2025 NA
28 07 2025 NA
29 07 2025 NA
30 07 2025 NA
31 07 2025 NA
01 08 2025 NA
02 08 2025 NA
03 08 2025 NA
04 08 2025 NA
05 08 2025 NA
06 08 2025 NA
07 08 2025 NA
08 08 2025 NA
09 08 2025 NA
10 08 2025 NA
11 08 2025 NA
12 08 2025 NA
13 08 2025  10.6
14 08 2025  10.5
15 08 2025  10.7
16 08 2025  10.8
17 08 2025  11.2
18 08 2025  11.1
19 08 2025  11.0
20 08 2025  11.0
21 08 2025  10.8
22 08 2025  10.9
23 08 2025  10.7
24 08 2025  10.9
25 08 2025  11.2
26 08 2025  11.6
27 08 2025  12.1
28 08 2025  11.9
29 08 2025  11.9
30 08 2025  12.0
31 08 2025  13.1
01 09 2025 NA
02 09 2025 NA
03 09 2025 NA
04 09 2025  12.2
05 09 2025  12.1
06 09 2025  12.1
07 09 2025  12.0
08 09 2025  11.6
09 09 2025  11.3